seed,episode,reward,episode_length,loss,eval_success_rate,intrinsic_reward,policy_entropy,algorithm,learning_rate,gamma,env_name,reward_type
6,1,-200.0,200,0.971959114074707,-1.0,0.00040579441701993346,0.0,DQN_RND,0.001,0.99,mountaincar,dense
6,2,-200.0,200,0.9620082378387451,-1.0,0.00043113483116030693,0.0,DQN_RND,0.001,0.99,mountaincar,dense
6,3,-200.0,200,0.9562883973121643,-1.0,0.00038747492362745106,0.0,DQN_RND,0.001,0.99,mountaincar,dense
6,4,-200.0,200,0.9667674899101257,-1.0,0.00038721339660696685,0.0,DQN_RND,0.001,0.99,mountaincar,dense
6,5,-200.0,200,0.958251416683197,-1.0,0.00034913464332930744,0.0,DQN_RND,0.001,0.99,mountaincar,dense
6,6,-200.0,200,0.9653851389884949,-1.0,0.0003674974723253399,0.0,DQN_RND,0.001,0.99,mountaincar,dense
6,7,-200.0,200,0.9560686349868774,-1.0,0.0003862879239022732,0.0,DQN_RND,0.001,0.99,mountaincar,dense
6,8,-200.0,200,0.9541074633598328,-1.0,0.00035897883935831487,0.0,DQN_RND,0.001,0.99,mountaincar,dense
6,9,-200.0,200,0.9618324041366577,-1.0,0.00041890345164574683,0.0,DQN_RND,0.001,0.99,mountaincar,dense
6,10,-200.0,200,0.9548461437225342,-1.0,0.00036989850923419,0.0,DQN_RND,0.001,0.99,mountaincar,dense
6,11,-200.0,200,0.9601602554321289,-1.0,0.00037686130963265896,0.0,DQN_RND,0.001,0.99,mountaincar,dense
6,12,-200.0,200,0.9537350535392761,-1.0,0.00039884584839455783,0.0,DQN_RND,0.001,0.99,mountaincar,dense
6,13,-200.0,200,0.9405701160430908,-1.0,0.00039447861490771174,0.0,DQN_RND,0.001,0.99,mountaincar,dense
6,14,-200.0,200,0.9558727741241455,-1.0,0.00037767310277558863,0.0,DQN_RND,0.001,0.99,mountaincar,dense
6,15,-200.0,200,0.9470099806785583,-1.0,0.00037998976767994463,0.0,DQN_RND,0.001,0.99,mountaincar,dense
6,16,-200.0,200,0.9497128129005432,-1.0,0.0003683450340759009,0.0,DQN_RND,0.001,0.99,mountaincar,dense
6,17,-200.0,200,0.9453733563423157,-1.0,0.00038368202513083816,0.0,DQN_RND,0.001,0.99,mountaincar,dense
6,18,-200.0,200,0.941200315952301,-1.0,0.0003663489187601954,0.0,DQN_RND,0.001,0.99,mountaincar,dense
6,19,-200.0,200,0.9493805766105652,-1.0,0.0003694143088068813,0.0,DQN_RND,0.001,0.99,mountaincar,dense
6,20,-200.0,200,0.9436809420585632,-1.0,0.000356594828190282,0.0,DQN_RND,0.001,0.99,mountaincar,dense
6,21,-200.0,200,0.9469388127326965,-1.0,0.00039248436223715544,0.0,DQN_RND,0.001,0.99,mountaincar,dense
6,22,-200.0,200,0.941830039024353,-1.0,0.00042684547952376306,0.0,DQN_RND,0.001,0.99,mountaincar,dense
6,23,-200.0,200,0.9351754188537598,-1.0,0.00040769221959635615,0.0,DQN_RND,0.001,0.99,mountaincar,dense
6,24,-200.0,200,0.9432699680328369,-1.0,0.00035552470944821835,0.0,DQN_RND,0.001,0.99,mountaincar,dense
6,25,-200.0,200,0.9365156888961792,-1.0,0.0003590782289393246,0.0,DQN_RND,0.001,0.99,mountaincar,dense
6,26,-200.0,200,0.9424179792404175,-1.0,0.000365079176845029,0.0,DQN_RND,0.001,0.99,mountaincar,dense
6,27,-200.0,200,0.9348635673522949,-1.0,0.00037235248601064086,0.0,DQN_RND,0.001,0.99,mountaincar,dense
6,28,-200.0,200,0.9318699240684509,-1.0,0.0003676209016703069,0.0,DQN_RND,0.001,0.99,mountaincar,dense
6,29,-200.0,200,0.9419409036636353,-1.0,0.0003721560351550579,0.0,DQN_RND,0.001,0.99,mountaincar,dense
6,30,-200.0,200,0.9341067671775818,-1.0,0.0003921824973076582,0.0,DQN_RND,0.001,0.99,mountaincar,dense
6,31,-200.0,200,0.9427306652069092,-1.0,0.00038413930451497436,0.0,DQN_RND,0.001,0.99,mountaincar,dense
6,32,-200.0,200,0.9332531690597534,-1.0,0.00036913572694174945,0.0,DQN_RND,0.001,0.99,mountaincar,dense
6,33,-200.0,200,0.9306755661964417,-1.0,0.0003749225288629532,0.0,DQN_RND,0.001,0.99,mountaincar,dense
6,34,-200.0,200,0.9363989233970642,-1.0,0.0003853265952784568,0.0,DQN_RND,0.001,0.99,mountaincar,dense
6,35,-200.0,200,0.9291802048683167,-1.0,0.00035484711406752467,0.0,DQN_RND,0.001,0.99,mountaincar,dense
6,36,-200.0,200,0.9352048635482788,-1.0,0.0003570342669263482,0.0,DQN_RND,0.001,0.99,mountaincar,dense
6,37,-200.0,200,0.9278740882873535,-1.0,0.00034412986133247614,0.0,DQN_RND,0.001,0.99,mountaincar,dense
6,38,-200.0,200,0.925958514213562,-1.0,0.0003547169908415526,0.0,DQN_RND,0.001,0.99,mountaincar,dense
6,39,-200.0,200,0.932623028755188,-1.0,0.00037282120320014656,0.0,DQN_RND,0.001,0.99,mountaincar,dense
6,40,-200.0,200,0.9304769039154053,-1.0,0.0003688626748044044,0.0,DQN_RND,0.001,0.99,mountaincar,dense
6,41,-200.0,200,0.9330480098724365,-1.0,0.00037345700548030436,0.0,DQN_RND,0.001,0.99,mountaincar,dense
6,42,-200.0,200,0.9264726638793945,-1.0,0.0003320376272313297,0.0,DQN_RND,0.001,0.99,mountaincar,dense
6,43,-200.0,200,0.9172302484512329,-1.0,0.0003549125976860523,0.0,DQN_RND,0.001,0.99,mountaincar,dense
6,44,-200.0,200,0.9295873641967773,-1.0,0.0003640247159637511,0.0,DQN_RND,0.001,0.99,mountaincar,dense
6,45,-200.0,200,0.9250853061676025,-1.0,0.0003588057297747582,0.0,DQN_RND,0.001,0.99,mountaincar,dense
6,46,-200.0,200,0.9280261397361755,-1.0,0.0003563982609193772,0.0,DQN_RND,0.001,0.99,mountaincar,dense
6,47,-200.0,200,0.9237573742866516,-1.0,0.0003271004534326494,0.0,DQN_RND,0.001,0.99,mountaincar,dense
6,48,-200.0,200,0.9169487953186035,-1.0,0.00035050458973273635,0.0,DQN_RND,0.001,0.99,mountaincar,dense
6,49,-200.0,200,0.9291677474975586,-1.0,0.000381330493837595,0.0,DQN_RND,0.001,0.99,mountaincar,dense
6,50,-200.0,200,0.9229779243469238,-1.0,0.0003782119893003255,0.0,DQN_RND,0.001,0.99,mountaincar,dense
6,51,-200.0,200,0.9251610040664673,-1.0,0.0003692845057230443,0.0,DQN_RND,0.001,0.99,mountaincar,dense
6,52,-200.0,200,0.9187355637550354,-1.0,0.0003287433064542711,0.0,DQN_RND,0.001,0.99,mountaincar,dense
6,53,-200.0,200,0.9141848087310791,-1.0,0.000335248070769012,0.0,DQN_RND,0.001,0.99,mountaincar,dense
6,54,-200.0,200,0.9250077605247498,-1.0,0.00036873272620141506,0.0,DQN_RND,0.001,0.99,mountaincar,dense
6,55,-200.0,200,0.9196593761444092,-1.0,0.00033470563357695937,0.0,DQN_RND,0.001,0.99,mountaincar,dense
6,56,-200.0,200,0.9225793480873108,-1.0,0.00037271808832883835,0.0,DQN_RND,0.001,0.99,mountaincar,dense
6,57,-200.0,200,0.9195113778114319,-1.0,0.00037102741771377623,0.0,DQN_RND,0.001,0.99,mountaincar,dense
6,58,-200.0,200,0.9083139896392822,-1.0,0.00035528719308786094,0.0,DQN_RND,0.001,0.99,mountaincar,dense
6,59,-200.0,200,0.923933207988739,-1.0,0.0003326672303956002,0.0,DQN_RND,0.001,0.99,mountaincar,dense
6,60,-200.0,200,0.915500819683075,-1.0,0.00033218739554286003,0.0,DQN_RND,0.001,0.99,mountaincar,dense
6,61,-200.0,200,0.9232499003410339,-1.0,0.00039239725447259843,0.0,DQN_RND,0.001,0.99,mountaincar,dense
6,62,-200.0,200,0.9171173572540283,-1.0,0.00035942086833529174,0.0,DQN_RND,0.001,0.99,mountaincar,dense
6,63,-200.0,200,0.9097024202346802,-1.0,0.00034710403997451067,0.0,DQN_RND,0.001,0.99,mountaincar,dense
6,64,-200.0,200,0.9178248643875122,-1.0,0.0003358353569637984,0.0,DQN_RND,0.001,0.99,mountaincar,dense
6,65,-200.0,200,0.9173846244812012,-1.0,0.00033460103441029787,0.0,DQN_RND,0.001,0.99,mountaincar,dense
6,66,-200.0,200,0.919103741645813,-1.0,0.0003794928197748959,0.0,DQN_RND,0.001,0.99,mountaincar,dense
6,67,-200.0,200,0.9112590551376343,-1.0,0.00037102712667547166,0.0,DQN_RND,0.001,0.99,mountaincar,dense
6,68,-200.0,200,0.9063214659690857,-1.0,0.000343029125360772,0.0,DQN_RND,0.001,0.99,mountaincar,dense
6,69,-200.0,200,0.9208378791809082,-1.0,0.00033527027699165046,0.0,DQN_RND,0.001,0.99,mountaincar,dense
6,70,-200.0,200,0.9133822917938232,-1.0,0.00034363468876108527,0.0,DQN_RND,0.001,0.99,mountaincar,dense
6,71,-200.0,200,0.9178801774978638,-1.0,0.0003392004582565278,0.0,DQN_RND,0.001,0.99,mountaincar,dense
6,72,-200.0,200,0.9150251150131226,-1.0,0.00032314882264472544,0.0,DQN_RND,0.001,0.99,mountaincar,dense
6,73,-200.0,200,0.9097944498062134,-1.0,0.00033589982194826007,0.0,DQN_RND,0.001,0.99,mountaincar,dense
6,74,-200.0,200,0.9215022325515747,-1.0,0.0003564164217095822,0.0,DQN_RND,0.001,0.99,mountaincar,dense
6,75,-200.0,200,0.9136857986450195,-1.0,0.0003335444489493966,0.0,DQN_RND,0.001,0.99,mountaincar,dense
6,76,-200.0,200,0.9218556880950928,-1.0,0.00034511787816882133,0.0,DQN_RND,0.001,0.99,mountaincar,dense
6,77,-200.0,200,0.9140276312828064,-1.0,0.0003432324738241732,0.0,DQN_RND,0.001,0.99,mountaincar,dense
6,78,-200.0,200,0.902506411075592,-1.0,0.0003344991127960384,0.0,DQN_RND,0.001,0.99,mountaincar,dense
6,79,-200.0,200,0.9240531921386719,-1.0,0.00031938456231728196,0.0,DQN_RND,0.001,0.99,mountaincar,dense
6,80,-200.0,200,0.9154691696166992,-1.0,0.00035466585541144013,0.0,DQN_RND,0.001,0.99,mountaincar,dense
6,81,-200.0,200,0.914836049079895,-1.0,0.00035049201687797904,0.0,DQN_RND,0.001,0.99,mountaincar,dense
6,82,-200.0,200,0.9128903150558472,-1.0,0.0003389409394003451,0.0,DQN_RND,0.001,0.99,mountaincar,dense
6,83,-200.0,200,0.9036262035369873,-1.0,0.00035492138704285026,0.0,DQN_RND,0.001,0.99,mountaincar,dense
6,84,-200.0,200,0.9170118570327759,-1.0,0.0003216783225070685,0.0,DQN_RND,0.001,0.99,mountaincar,dense
6,85,-200.0,200,0.9046571254730225,-1.0,0.00036637461744248867,0.0,DQN_RND,0.001,0.99,mountaincar,dense
6,86,-200.0,200,0.9138234853744507,-1.0,0.00036535682738758624,0.0,DQN_RND,0.001,0.99,mountaincar,dense
6,87,-200.0,200,0.9088681936264038,-1.0,0.00034289254108443856,0.0,DQN_RND,0.001,0.99,mountaincar,dense
6,88,-200.0,200,0.9030530452728271,-1.0,0.0003507327346596867,0.0,DQN_RND,0.001,0.99,mountaincar,dense
6,89,-200.0,200,0.9145041704177856,-1.0,0.0003247857093811035,0.0,DQN_RND,0.001,0.99,mountaincar,dense
6,90,-200.0,200,0.9057429432868958,-1.0,0.00036066040047444403,0.0,DQN_RND,0.001,0.99,mountaincar,dense
6,91,-200.0,200,0.9041481614112854,-1.0,0.00031464052153751254,0.0,DQN_RND,0.001,0.99,mountaincar,dense
6,92,-200.0,200,0.9077489972114563,-1.0,0.00032461434602737427,0.0,DQN_RND,0.001,0.99,mountaincar,dense
6,93,-200.0,200,0.8994749784469604,-1.0,0.00038599263643845916,0.0,DQN_RND,0.001,0.99,mountaincar,dense
6,94,-200.0,200,0.9100298285484314,-1.0,0.00033763283863663673,0.0,DQN_RND,0.001,0.99,mountaincar,dense
6,95,-200.0,200,0.905078649520874,-1.0,0.0003481782041490078,0.0,DQN_RND,0.001,0.99,mountaincar,dense
6,96,-200.0,200,0.9159446954727173,-1.0,0.00033174510463140905,0.0,DQN_RND,0.001,0.99,mountaincar,dense
6,97,-200.0,200,0.9062224626541138,-1.0,0.0003402710717637092,0.0,DQN_RND,0.001,0.99,mountaincar,dense
6,98,-200.0,200,0.8932297825813293,-1.0,0.0003355309017933905,0.0,DQN_RND,0.001,0.99,mountaincar,dense
6,99,-200.0,200,0.9141271114349365,-1.0,0.000343566935043782,0.0,DQN_RND,0.001,0.99,mountaincar,dense
6,100,-200.0,200,0.9075679779052734,-1.0,0.0003236335760448128,0.0,DQN_RND,0.001,0.99,mountaincar,dense
6,101,-200.0,200,0.9163258671760559,-1.0,0.0003514280542731285,0.0,DQN_RND,0.001,0.99,mountaincar,dense
6,102,-200.0,200,0.903049111366272,-1.0,0.00034258925006724894,0.0,DQN_RND,0.001,0.99,mountaincar,dense
6,103,-200.0,200,0.9033089280128479,-1.0,0.00032960448879748583,0.0,DQN_RND,0.001,0.99,mountaincar,dense
6,104,-200.0,200,0.9155493974685669,-1.0,0.00031285933800973,0.0,DQN_RND,0.001,0.99,mountaincar,dense
6,105,-200.0,200,0.9049530029296875,-1.0,0.0003137261955998838,0.0,DQN_RND,0.001,0.99,mountaincar,dense
6,106,-200.0,200,0.9090653657913208,-1.0,0.00033011697814799845,0.0,DQN_RND,0.001,0.99,mountaincar,dense
6,107,-200.0,200,0.9052525162696838,-1.0,0.00032257448765449226,0.0,DQN_RND,0.001,0.99,mountaincar,dense
6,108,-200.0,200,0.8960766792297363,-1.0,0.0003297068760730326,0.0,DQN_RND,0.001,0.99,mountaincar,dense
6,109,-200.0,200,0.9151605367660522,-1.0,0.00033494539093226194,0.0,DQN_RND,0.001,0.99,mountaincar,dense
6,110,-200.0,200,0.9110043048858643,-1.0,0.00030928495107218623,0.0,DQN_RND,0.001,0.99,mountaincar,dense
6,111,-200.0,200,0.913886308670044,-1.0,0.0003000761498697102,0.0,DQN_RND,0.001,0.99,mountaincar,dense
6,112,-200.0,200,0.9065263271331787,-1.0,0.0003248715365771204,0.0,DQN_RND,0.001,0.99,mountaincar,dense
6,113,-200.0,200,0.8956680297851562,-1.0,0.00031478574965149164,0.0,DQN_RND,0.001,0.99,mountaincar,dense
6,114,-200.0,200,0.9109556674957275,-1.0,0.00031464750645682216,0.0,DQN_RND,0.001,0.99,mountaincar,dense
6,115,-200.0,200,0.9013198018074036,-1.0,0.00034061766928061843,0.0,DQN_RND,0.001,0.99,mountaincar,dense
6,116,-200.0,200,0.9097974300384521,-1.0,0.00031297950772568583,0.0,DQN_RND,0.001,0.99,mountaincar,dense
6,117,-200.0,200,0.9028042554855347,-1.0,0.00032451795414090157,0.0,DQN_RND,0.001,0.99,mountaincar,dense
6,118,-200.0,200,0.8927722573280334,-1.0,0.0003475587291177362,0.0,DQN_RND,0.001,0.99,mountaincar,dense
6,119,-200.0,200,0.9060484170913696,-1.0,0.00032578810350969434,0.0,DQN_RND,0.001,0.99,mountaincar,dense
6,120,-200.0,200,0.9076108932495117,-1.0,0.00035573335480876267,0.0,DQN_RND,0.001,0.99,mountaincar,dense
6,121,-200.0,200,0.9159495830535889,-1.0,0.0003081746108364314,0.0,DQN_RND,0.001,0.99,mountaincar,dense
6,122,-200.0,200,0.9002970457077026,-1.0,0.0003161518252454698,0.0,DQN_RND,0.001,0.99,mountaincar,dense
6,123,-200.0,200,0.8931325078010559,-1.0,0.00033587063080631196,0.0,DQN_RND,0.001,0.99,mountaincar,dense
6,124,-200.0,200,0.912124752998352,-1.0,0.00031923322239890695,0.0,DQN_RND,0.001,0.99,mountaincar,dense
6,125,-200.0,200,0.9068951606750488,-1.0,0.0003111581318080425,0.0,DQN_RND,0.001,0.99,mountaincar,dense
6,126,-200.0,200,0.9037364721298218,-1.0,0.0003189098497387022,0.0,DQN_RND,0.001,0.99,mountaincar,dense
6,127,-200.0,200,0.8956270813941956,-1.0,0.0003035800764337182,0.0,DQN_RND,0.001,0.99,mountaincar,dense
6,128,-200.0,200,0.9033322930335999,-1.0,0.00030796456849202514,0.0,DQN_RND,0.001,0.99,mountaincar,dense
6,129,-200.0,200,0.9055162668228149,-1.0,0.00033145517227239907,0.0,DQN_RND,0.001,0.99,mountaincar,dense
6,130,-200.0,200,0.9041324257850647,-1.0,0.00032293418189510703,0.0,DQN_RND,0.001,0.99,mountaincar,dense
6,131,-200.0,200,0.9083435535430908,-1.0,0.0002975322713609785,0.0,DQN_RND,0.001,0.99,mountaincar,dense
6,132,-200.0,200,0.904839813709259,-1.0,0.00033817486837506294,0.0,DQN_RND,0.001,0.99,mountaincar,dense
6,133,-200.0,200,0.8854846954345703,-1.0,0.000359335943358019,0.0,DQN_RND,0.001,0.99,mountaincar,dense
6,134,-200.0,200,0.9087810516357422,-1.0,0.0003326415317133069,0.0,DQN_RND,0.001,0.99,mountaincar,dense
6,135,-200.0,200,0.8999089598655701,-1.0,0.0003081262402702123,0.0,DQN_RND,0.001,0.99,mountaincar,dense
6,136,-200.0,200,0.9149860739707947,-1.0,0.0003094937710557133,0.0,DQN_RND,0.001,0.99,mountaincar,dense
6,137,-200.0,200,0.9058902859687805,-1.0,0.0002930414630100131,0.0,DQN_RND,0.001,0.99,mountaincar,dense
6,138,-200.0,200,0.8898575305938721,-1.0,0.00030591132235713303,0.0,DQN_RND,0.001,0.99,mountaincar,dense
6,139,-200.0,200,0.9143178462982178,-1.0,0.0002838205546140671,0.0,DQN_RND,0.001,0.99,mountaincar,dense
6,140,-200.0,200,0.9046894907951355,-1.0,0.0003365826851222664,0.0,DQN_RND,0.001,0.99,mountaincar,dense
6,141,-200.0,200,0.9175218343734741,-1.0,0.0002977020340040326,0.0,DQN_RND,0.001,0.99,mountaincar,dense
6,142,-200.0,200,0.9078707695007324,-1.0,0.0003333668573759496,0.0,DQN_RND,0.001,0.99,mountaincar,dense
6,143,-200.0,200,0.8964347839355469,-1.0,0.0003025342884939164,0.0,DQN_RND,0.001,0.99,mountaincar,dense
6,144,-200.0,200,0.9218020439147949,-1.0,0.00030048564076423645,0.0,DQN_RND,0.001,0.99,mountaincar,dense
6,145,-200.0,200,0.9182630181312561,-1.0,0.00035688572097569704,0.0,DQN_RND,0.001,0.99,mountaincar,dense
6,146,-200.0,200,0.9208371639251709,-1.0,0.00032971976906992495,0.0,DQN_RND,0.001,0.99,mountaincar,dense
6,147,-200.0,200,0.9118651747703552,-1.0,0.0003094662388321012,0.0,DQN_RND,0.001,0.99,mountaincar,dense
6,148,-200.0,200,0.8946952223777771,-1.0,0.00030119402799755335,0.0,DQN_RND,0.001,0.99,mountaincar,dense
6,149,-200.0,200,0.9139082431793213,-1.0,0.00029800934134982526,0.0,DQN_RND,0.001,0.99,mountaincar,dense
6,150,-200.0,200,0.9071481823921204,-1.0,0.0003176710451953113,0.0,DQN_RND,0.001,0.99,mountaincar,dense
6,151,-200.0,200,0.9218478798866272,-1.0,0.00030607631197199225,0.0,DQN_RND,0.001,0.99,mountaincar,dense
6,152,-200.0,200,0.9081717729568481,-1.0,0.00031655660131946206,0.0,DQN_RND,0.001,0.99,mountaincar,dense
6,153,-200.0,200,0.8937869071960449,-1.0,0.0002853288024198264,0.0,DQN_RND,0.001,0.99,mountaincar,dense
6,154,-200.0,200,0.9302855730056763,-1.0,0.00029139535035938025,0.0,DQN_RND,0.001,0.99,mountaincar,dense
6,155,-200.0,200,0.9101563692092896,-1.0,0.0003259404329583049,0.0,DQN_RND,0.001,0.99,mountaincar,dense
6,156,-200.0,200,0.9260067939758301,-1.0,0.00032136746449396014,0.0,DQN_RND,0.001,0.99,mountaincar,dense
6,157,-200.0,200,0.9097620248794556,-1.0,0.0002869128074962646,0.0,DQN_RND,0.001,0.99,mountaincar,dense
6,158,-200.0,200,0.8980375528335571,-1.0,0.00032878751517273486,0.0,DQN_RND,0.001,0.99,mountaincar,dense
6,159,-200.0,200,0.9307892918586731,-1.0,0.00032312783878296614,0.0,DQN_RND,0.001,0.99,mountaincar,dense
6,160,-200.0,200,0.9185482263565063,-1.0,0.000334245094563812,0.0,DQN_RND,0.001,0.99,mountaincar,dense
6,161,-200.0,200,0.9249014854431152,-1.0,0.0002981046272907406,0.0,DQN_RND,0.001,0.99,mountaincar,dense
6,162,-200.0,200,0.9185911417007446,-1.0,0.00037520716432482004,0.0,DQN_RND,0.001,0.99,mountaincar,dense
6,163,-200.0,200,0.9047213792800903,-1.0,0.0003290922031737864,0.0,DQN_RND,0.001,0.99,mountaincar,dense
6,164,-200.0,200,0.932580828666687,-1.0,0.00028433476109057665,0.0,DQN_RND,0.001,0.99,mountaincar,dense
6,165,-200.0,200,0.9150021076202393,-1.0,0.0003044458862859756,0.0,DQN_RND,0.001,0.99,mountaincar,dense
6,166,-200.0,200,0.9238783717155457,-1.0,0.00032209770870395005,0.0,DQN_RND,0.001,0.99,mountaincar,dense
6,167,-200.0,200,0.911318302154541,-1.0,0.0003141509660053998,0.0,DQN_RND,0.001,0.99,mountaincar,dense
6,168,-200.0,200,0.9029737710952759,-1.0,0.0003240962978452444,0.0,DQN_RND,0.001,0.99,mountaincar,dense
6,169,-200.0,200,0.9364957809448242,-1.0,0.00032665306935086846,0.0,DQN_RND,0.001,0.99,mountaincar,dense
6,170,-200.0,200,0.9116948843002319,-1.0,0.0003447358321864158,0.0,DQN_RND,0.001,0.99,mountaincar,dense
6,171,-200.0,200,0.9197818636894226,-1.0,0.00033470685593783855,0.0,DQN_RND,0.001,0.99,mountaincar,dense
6,172,-200.0,200,0.9083267450332642,-1.0,0.00033261426142416894,0.0,DQN_RND,0.001,0.99,mountaincar,dense
6,173,-200.0,200,0.8939623832702637,-1.0,0.00033592950785532594,0.0,DQN_RND,0.001,0.99,mountaincar,dense
6,174,-200.0,200,0.9153010249137878,-1.0,0.00031906014191918075,0.0,DQN_RND,0.001,0.99,mountaincar,dense
6,175,-200.0,200,0.9020015597343445,-1.0,0.00031896348809823394,0.0,DQN_RND,0.001,0.99,mountaincar,dense
6,176,-200.0,200,0.9149810671806335,-1.0,0.00031051531550474465,0.0,DQN_RND,0.001,0.99,mountaincar,dense
6,177,-200.0,200,0.8930644392967224,-1.0,0.00035692210076376796,0.0,DQN_RND,0.001,0.99,mountaincar,dense
6,178,-200.0,200,0.8902357220649719,-1.0,0.00033054844243451953,0.0,DQN_RND,0.001,0.99,mountaincar,dense
6,179,-200.0,200,0.9126392602920532,-1.0,0.0003494321717880666,0.0,DQN_RND,0.001,0.99,mountaincar,dense
6,180,-200.0,200,0.8946466445922852,-1.0,0.0003176812897436321,0.0,DQN_RND,0.001,0.99,mountaincar,dense
6,181,-200.0,200,0.912168025970459,-1.0,0.0002987821935676038,0.0,DQN_RND,0.001,0.99,mountaincar,dense
6,182,-200.0,200,0.8939217925071716,-1.0,0.0003245729021728039,0.0,DQN_RND,0.001,0.99,mountaincar,dense
6,183,-200.0,200,0.8876480460166931,-1.0,0.00033769922447390854,0.0,DQN_RND,0.001,0.99,mountaincar,dense
6,184,-200.0,200,0.9139387011528015,-1.0,0.000336917961249128,0.0,DQN_RND,0.001,0.99,mountaincar,dense
6,185,-200.0,200,0.8967727422714233,-1.0,0.0003092678089160472,0.0,DQN_RND,0.001,0.99,mountaincar,dense
6,186,-200.0,200,0.9113262295722961,-1.0,0.0003172767465002835,0.0,DQN_RND,0.001,0.99,mountaincar,dense
6,187,-200.0,200,0.8934618234634399,-1.0,0.000327194546116516,0.0,DQN_RND,0.001,0.99,mountaincar,dense
6,188,-200.0,200,0.8790095448493958,-1.0,0.0003187390975654125,0.0,DQN_RND,0.001,0.99,mountaincar,dense
6,189,-200.0,200,0.9101845622062683,-1.0,0.00032086955616250634,0.0,DQN_RND,0.001,0.99,mountaincar,dense
6,190,-200.0,200,0.8876346349716187,-1.0,0.0003394473169464618,0.0,DQN_RND,0.001,0.99,mountaincar,dense
6,191,-200.0,200,0.9060075283050537,-1.0,0.0003231856971979141,0.0,DQN_RND,0.001,0.99,mountaincar,dense
6,192,-200.0,200,0.8870275616645813,-1.0,0.0003094585845246911,0.0,DQN_RND,0.001,0.99,mountaincar,dense
6,193,-200.0,200,0.8805017471313477,-1.0,0.00031505923834629357,0.0,DQN_RND,0.001,0.99,mountaincar,dense
6,194,-200.0,200,0.9079098701477051,-1.0,0.00031312229111790657,0.0,DQN_RND,0.001,0.99,mountaincar,dense
6,195,-200.0,200,0.8889263868331909,-1.0,0.00031688014860264957,0.0,DQN_RND,0.001,0.99,mountaincar,dense
6,196,-200.0,200,0.8961312770843506,-1.0,0.0003090178070124239,0.0,DQN_RND,0.001,0.99,mountaincar,dense
6,197,-200.0,200,0.8878268003463745,-1.0,0.0003241711820010096,0.0,DQN_RND,0.001,0.99,mountaincar,dense
6,198,-200.0,200,0.876083254814148,-1.0,0.00032493670005351305,0.0,DQN_RND,0.001,0.99,mountaincar,dense
6,199,-200.0,200,0.9060118794441223,-1.0,0.0003375776868779212,0.0,DQN_RND,0.001,0.99,mountaincar,dense
6,200,-200.0,200,0.8915399312973022,-1.0,0.00031641341047361493,0.0,DQN_RND,0.001,0.99,mountaincar,dense
6,201,-200.0,200,0.9091917276382446,-1.0,0.00032177899265661836,0.0,DQN_RND,0.001,0.99,mountaincar,dense
6,202,-200.0,200,0.8916637897491455,-1.0,0.000318913342198357,0.0,DQN_RND,0.001,0.99,mountaincar,dense
6,203,-200.0,200,0.8791459798812866,-1.0,0.0003197240876033902,0.0,DQN_RND,0.001,0.99,mountaincar,dense
6,204,-200.0,200,0.9047591686248779,-1.0,0.0003038991999346763,0.0,DQN_RND,0.001,0.99,mountaincar,dense
6,205,-200.0,200,0.8814122080802917,-1.0,0.00031792011577636003,0.0,DQN_RND,0.001,0.99,mountaincar,dense
6,206,-200.0,200,0.9054591655731201,-1.0,0.00033501567668281496,0.0,DQN_RND,0.001,0.99,mountaincar,dense
6,207,-200.0,200,0.8895238637924194,-1.0,0.0003263819089625031,0.0,DQN_RND,0.001,0.99,mountaincar,dense
6,208,-200.0,200,0.8714333772659302,-1.0,0.00029612629441544414,0.0,DQN_RND,0.001,0.99,mountaincar,dense
6,209,-200.0,200,0.9153165817260742,-1.0,0.0003291723842266947,0.0,DQN_RND,0.001,0.99,mountaincar,dense
6,210,-200.0,200,0.8911609649658203,-1.0,0.00033706880640238523,0.0,DQN_RND,0.001,0.99,mountaincar,dense
6,211,-200.0,200,0.9131385087966919,-1.0,0.0003173291916027665,0.0,DQN_RND,0.001,0.99,mountaincar,dense
6,212,-200.0,200,0.8837272524833679,-1.0,0.0003304176207166165,0.0,DQN_RND,0.001,0.99,mountaincar,dense
6,213,-200.0,200,0.8660495281219482,-1.0,0.00032225967152044177,0.0,DQN_RND,0.001,0.99,mountaincar,dense
6,214,-200.0,200,0.9107058048248291,-1.0,0.00031989466515369713,0.0,DQN_RND,0.001,0.99,mountaincar,dense
6,215,-200.0,200,0.8838123083114624,-1.0,0.0003153175348415971,0.0,DQN_RND,0.001,0.99,mountaincar,dense
6,216,-200.0,200,0.9104450941085815,-1.0,0.00031993447919376194,0.0,DQN_RND,0.001,0.99,mountaincar,dense
6,217,-200.0,200,0.8816231489181519,-1.0,0.00032549930620007217,0.0,DQN_RND,0.001,0.99,mountaincar,dense
6,218,-200.0,200,0.8715119957923889,-1.0,0.0003250440931878984,0.0,DQN_RND,0.001,0.99,mountaincar,dense
6,219,-200.0,200,0.9082460403442383,-1.0,0.00033773088944144547,0.0,DQN_RND,0.001,0.99,mountaincar,dense
6,220,-200.0,200,0.877842903137207,-1.0,0.0003116532461717725,0.0,DQN_RND,0.001,0.99,mountaincar,dense
6,221,-200.0,200,0.9176397919654846,-1.0,0.000312263669911772,0.0,DQN_RND,0.001,0.99,mountaincar,dense
6,222,-200.0,200,0.8927946090698242,-1.0,0.0003084777563344687,0.0,DQN_RND,0.001,0.99,mountaincar,dense
6,223,-200.0,200,0.8666930794715881,-1.0,0.00030919190612621605,0.0,DQN_RND,0.001,0.99,mountaincar,dense
6,224,-200.0,200,0.9158084988594055,-1.0,0.00031207100255414844,0.0,DQN_RND,0.001,0.99,mountaincar,dense
6,225,-200.0,200,0.8967525959014893,-1.0,0.0003117346204817295,0.0,DQN_RND,0.001,0.99,mountaincar,dense
6,226,-200.0,200,0.9211860299110413,-1.0,0.0003148672985844314,0.0,DQN_RND,0.001,0.99,mountaincar,dense
6,227,-200.0,200,0.8984336853027344,-1.0,0.0002805905824061483,0.0,DQN_RND,0.001,0.99,mountaincar,dense
6,228,-200.0,200,0.8675456643104553,-1.0,0.0002716141752898693,0.0,DQN_RND,0.001,0.99,mountaincar,dense
6,229,-200.0,200,0.9163806438446045,-1.0,0.00027686715475283563,0.0,DQN_RND,0.001,0.99,mountaincar,dense
6,230,-200.0,200,0.8885384202003479,-1.0,0.00028128144913353026,0.0,DQN_RND,0.001,0.99,mountaincar,dense
6,231,-200.0,200,0.9140661954879761,-1.0,0.00029044842813163996,0.0,DQN_RND,0.001,0.99,mountaincar,dense
6,232,-200.0,200,0.8877906203269958,-1.0,0.00028486805967986584,0.0,DQN_RND,0.001,0.99,mountaincar,dense
6,233,-200.0,200,0.8631166815757751,-1.0,0.0002748487167991698,0.0,DQN_RND,0.001,0.99,mountaincar,dense
6,234,-200.0,200,0.9168483018875122,-1.0,0.00027776454226113856,0.0,DQN_RND,0.001,0.99,mountaincar,dense
6,235,-200.0,200,0.8868736028671265,-1.0,0.0002748241531662643,0.0,DQN_RND,0.001,0.99,mountaincar,dense
6,236,-200.0,200,0.9157414436340332,-1.0,0.0002620076993480325,0.0,DQN_RND,0.001,0.99,mountaincar,dense
6,237,-200.0,200,0.8789024353027344,-1.0,0.00026360730407759547,0.0,DQN_RND,0.001,0.99,mountaincar,dense
6,238,-200.0,200,0.8642641305923462,-1.0,0.0002581553708296269,0.0,DQN_RND,0.001,0.99,mountaincar,dense
6,239,-200.0,200,0.9145810604095459,-1.0,0.0002708358515519649,0.0,DQN_RND,0.001,0.99,mountaincar,dense
6,240,-200.0,200,0.8773062825202942,-1.0,0.00026316504226997495,0.0,DQN_RND,0.001,0.99,mountaincar,dense
6,241,-200.0,200,0.9071536660194397,-1.0,0.00027573478291742504,0.0,DQN_RND,0.001,0.99,mountaincar,dense
6,242,-200.0,200,0.874362587928772,-1.0,0.00025640573585405946,0.0,DQN_RND,0.001,0.99,mountaincar,dense
6,243,-200.0,200,0.8478395938873291,-1.0,0.000256202882155776,0.0,DQN_RND,0.001,0.99,mountaincar,dense
6,244,-200.0,200,0.908270537853241,-1.0,0.0002760576026048511,0.0,DQN_RND,0.001,0.99,mountaincar,dense
6,245,-200.0,200,0.8794934153556824,-1.0,0.0002820459776557982,0.0,DQN_RND,0.001,0.99,mountaincar,dense
6,246,-200.0,200,0.9092854857444763,-1.0,0.00026536849327385426,0.0,DQN_RND,0.001,0.99,mountaincar,dense
6,247,-200.0,200,0.8696628212928772,-1.0,0.00026791708660311997,0.0,DQN_RND,0.001,0.99,mountaincar,dense
6,248,-200.0,200,0.8457559943199158,-1.0,0.0002661788312252611,0.0,DQN_RND,0.001,0.99,mountaincar,dense
6,249,-200.0,200,0.9097021818161011,-1.0,0.0002615571429487318,0.0,DQN_RND,0.001,0.99,mountaincar,dense
6,250,-200.0,200,0.8734106421470642,-1.0,0.0002808258286677301,0.0,DQN_RND,0.001,0.99,mountaincar,dense
6,251,-200.0,200,0.9063986539840698,-1.0,0.0002754699962679297,0.0,DQN_RND,0.001,0.99,mountaincar,dense
6,252,-200.0,200,0.8721893429756165,-1.0,0.0002715048613026738,0.0,DQN_RND,0.001,0.99,mountaincar,dense
6,253,-200.0,200,0.8378050327301025,-1.0,0.0002900514518842101,0.0,DQN_RND,0.001,0.99,mountaincar,dense
6,254,-200.0,200,0.90691077709198,-1.0,0.00028351767105050385,0.0,DQN_RND,0.001,0.99,mountaincar,dense
6,255,-200.0,200,0.8680374622344971,-1.0,0.0002621958265081048,0.0,DQN_RND,0.001,0.99,mountaincar,dense
6,256,-200.0,200,0.9027020335197449,-1.0,0.0002601088199298829,0.0,DQN_RND,0.001,0.99,mountaincar,dense
6,257,-200.0,200,0.8644211888313293,-1.0,0.0002881216933019459,0.0,DQN_RND,0.001,0.99,mountaincar,dense
6,258,-200.0,200,0.8281728029251099,-1.0,0.0002582193701528013,0.0,DQN_RND,0.001,0.99,mountaincar,dense
6,259,-200.0,200,0.903727114200592,-1.0,0.00024476059479638934,0.0,DQN_RND,0.001,0.99,mountaincar,dense
6,260,-200.0,200,0.8648339509963989,-1.0,0.00025905855000019073,0.0,DQN_RND,0.001,0.99,mountaincar,dense
6,261,-200.0,200,0.901578426361084,-1.0,0.00025985969114117324,0.0,DQN_RND,0.001,0.99,mountaincar,dense
6,262,-200.0,200,0.8618056178092957,-1.0,0.0002703207137528807,0.0,DQN_RND,0.001,0.99,mountaincar,dense
6,263,-200.0,200,0.8225853443145752,-1.0,0.00025984831154346466,0.0,DQN_RND,0.001,0.99,mountaincar,dense
6,264,-200.0,200,0.9022883772850037,-1.0,0.00024646200472489,0.0,DQN_RND,0.001,0.99,mountaincar,dense
6,265,-200.0,200,0.8589603304862976,-1.0,0.0002518983674235642,0.0,DQN_RND,0.001,0.99,mountaincar,dense
6,266,-200.0,200,0.9022436738014221,-1.0,0.00026888420688919723,0.0,DQN_RND,0.001,0.99,mountaincar,dense
6,267,-200.0,200,0.8561366200447083,-1.0,0.0002705595688894391,0.0,DQN_RND,0.001,0.99,mountaincar,dense
6,268,-200.0,200,0.8127877712249756,-1.0,0.00023632323427591473,0.0,DQN_RND,0.001,0.99,mountaincar,dense
6,269,-200.0,200,0.9031248688697815,-1.0,0.0002471065381541848,0.0,DQN_RND,0.001,0.99,mountaincar,dense
6,270,-200.0,200,0.8544360995292664,-1.0,0.00028547344845719635,0.0,DQN_RND,0.001,0.99,mountaincar,dense
6,271,-200.0,200,0.9005656838417053,-1.0,0.0002688624372240156,0.0,DQN_RND,0.001,0.99,mountaincar,dense
6,272,-200.0,200,0.851658821105957,-1.0,0.00026010884903371334,0.0,DQN_RND,0.001,0.99,mountaincar,dense
6,273,-200.0,200,0.8024283051490784,-1.0,0.00025572633603587747,0.0,DQN_RND,0.001,0.99,mountaincar,dense
6,274,-200.0,200,0.9067139029502869,-1.0,0.00024343268887605518,0.0,DQN_RND,0.001,0.99,mountaincar,dense
6,275,-200.0,200,0.8551473021507263,-1.0,0.00026346390950493515,0.0,DQN_RND,0.001,0.99,mountaincar,dense
6,276,-200.0,200,0.909460723400116,-1.0,0.000249057135079056,0.0,DQN_RND,0.001,0.99,mountaincar,dense
6,277,-200.0,200,0.8582022190093994,-1.0,0.0002709100372157991,0.0,DQN_RND,0.001,0.99,mountaincar,dense
6,278,-200.0,200,0.8050382137298584,-1.0,0.000258604995906353,0.0,DQN_RND,0.001,0.99,mountaincar,dense
6,279,-200.0,200,0.911366879940033,-1.0,0.00025986036052927375,0.0,DQN_RND,0.001,0.99,mountaincar,dense
6,280,-200.0,200,0.8496802449226379,-1.0,0.000264746107859537,0.0,DQN_RND,0.001,0.99,mountaincar,dense
6,281,-200.0,200,0.9151222705841064,-1.0,0.000281024316791445,0.0,DQN_RND,0.001,0.99,mountaincar,dense
6,282,-200.0,200,0.8560208678245544,-1.0,0.0003099582972936332,0.0,DQN_RND,0.001,0.99,mountaincar,dense
6,283,-200.0,200,0.7992453575134277,-1.0,0.0003261953534092754,0.0,DQN_RND,0.001,0.99,mountaincar,dense
6,284,-200.0,200,0.9105899333953857,-1.0,0.0003467832284513861,0.0,DQN_RND,0.001,0.99,mountaincar,dense
6,285,-200.0,200,0.8443233966827393,-1.0,0.000321463739965111,0.0,DQN_RND,0.001,0.99,mountaincar,dense
6,286,-200.0,200,0.9059693813323975,-1.0,0.0003475587291177362,0.0,DQN_RND,0.001,0.99,mountaincar,dense
6,287,-200.0,200,0.8385836482048035,-1.0,0.0003338051028549671,0.0,DQN_RND,0.001,0.99,mountaincar,dense
6,288,-200.0,200,0.7697676420211792,-1.0,0.00033367270953021944,0.0,DQN_RND,0.001,0.99,mountaincar,dense
6,289,-200.0,200,0.9002130031585693,-1.0,0.0003571120905689895,0.0,DQN_RND,0.001,0.99,mountaincar,dense
6,290,-200.0,200,0.8284436464309692,-1.0,0.0003687674761749804,0.0,DQN_RND,0.001,0.99,mountaincar,dense
6,291,-200.0,200,0.8881958723068237,-1.0,0.0003732666955329478,0.0,DQN_RND,0.001,0.99,mountaincar,dense
6,292,-200.0,200,0.8047029376029968,-1.0,0.00037017252179794014,0.0,DQN_RND,0.001,0.99,mountaincar,dense
6,293,-200.0,200,0.7573202848434448,-1.0,0.0003783466818276793,0.0,DQN_RND,0.001,0.99,mountaincar,dense
6,294,-200.0,200,0.8877245187759399,-1.0,0.00041769701056182384,0.0,DQN_RND,0.001,0.99,mountaincar,dense
6,295,-200.0,200,0.8139032125473022,-1.0,0.00033924015588127077,0.0,DQN_RND,0.001,0.99,mountaincar,dense
6,296,-200.0,200,0.8881089687347412,-1.0,0.0003825680760201067,0.0,DQN_RND,0.001,0.99,mountaincar,dense
6,297,-200.0,200,0.7924081683158875,-1.0,0.0003800467820838094,0.0,DQN_RND,0.001,0.99,mountaincar,dense
6,298,-200.0,200,0.7139754891395569,-1.0,0.0003556848969310522,0.0,DQN_RND,0.001,0.99,mountaincar,dense
6,299,-200.0,200,0.8798838257789612,-1.0,0.00033840397372841835,0.0,DQN_RND,0.001,0.99,mountaincar,dense
6,300,-200.0,200,0.7849626541137695,-1.0,0.00037568280822597444,0.0,DQN_RND,0.001,0.99,mountaincar,dense
6,301,-200.0,200,0.8594522476196289,-1.0,0.00036441179690882564,0.0,DQN_RND,0.001,0.99,mountaincar,dense
6,302,-200.0,200,0.7796522378921509,-1.0,0.0003761434054467827,0.0,DQN_RND,0.001,0.99,mountaincar,dense
6,303,-200.0,200,0.6847875714302063,-1.0,0.00035902057425118983,0.0,DQN_RND,0.001,0.99,mountaincar,dense
6,304,-200.0,200,0.8639504909515381,-1.0,0.0003463143657427281,0.0,DQN_RND,0.001,0.99,mountaincar,dense
6,305,-200.0,200,0.7870819568634033,-1.0,0.0003468718205112964,0.0,DQN_RND,0.001,0.99,mountaincar,dense
6,306,-200.0,200,0.8448505401611328,-1.0,0.00037238007644191384,0.0,DQN_RND,0.001,0.99,mountaincar,dense
6,307,-200.0,200,0.7843451499938965,-1.0,0.0003560000332072377,0.0,DQN_RND,0.001,0.99,mountaincar,dense
6,308,-200.0,200,0.6760860681533813,-1.0,0.0003417161642573774,0.0,DQN_RND,0.001,0.99,mountaincar,dense
6,309,-200.0,200,0.8475298881530762,-1.0,0.00036101124715059996,0.0,DQN_RND,0.001,0.99,mountaincar,dense
6,310,-200.0,200,0.7399908304214478,-1.0,0.0003651611041277647,0.0,DQN_RND,0.001,0.99,mountaincar,dense
6,311,-200.0,200,0.8991873860359192,-1.0,0.00034772386425174773,0.0,DQN_RND,0.001,0.99,mountaincar,dense
6,312,-200.0,200,0.7673717737197876,-1.0,0.00037163510569371283,0.0,DQN_RND,0.001,0.99,mountaincar,dense
6,313,-200.0,200,0.6772629022598267,-1.0,0.00035439696512185037,0.0,DQN_RND,0.001,0.99,mountaincar,dense
6,314,-200.0,200,0.8664775490760803,-1.0,0.00033028138568624854,0.0,DQN_RND,0.001,0.99,mountaincar,dense
6,315,-200.0,200,0.7428857088088989,-1.0,0.00035656700492836535,0.0,DQN_RND,0.001,0.99,mountaincar,dense
6,316,-200.0,200,0.8740129470825195,-1.0,0.00037355045787990093,0.0,DQN_RND,0.001,0.99,mountaincar,dense
6,317,-200.0,200,0.7350151538848877,-1.0,0.00036025684676133096,0.0,DQN_RND,0.001,0.99,mountaincar,dense
6,318,-200.0,200,0.6589545011520386,-1.0,0.00031000329181551933,0.0,DQN_RND,0.001,0.99,mountaincar,dense
6,319,-200.0,200,0.8308711647987366,-1.0,0.0002840595261659473,0.0,DQN_RND,0.001,0.99,mountaincar,dense
6,320,-200.0,200,0.737419843673706,-1.0,0.00029636480030603707,0.0,DQN_RND,0.001,0.99,mountaincar,dense
6,321,-200.0,200,0.8632073998451233,-1.0,0.0002880118554458022,0.0,DQN_RND,0.001,0.99,mountaincar,dense
6,322,-200.0,200,0.7773277163505554,-1.0,0.00027485881582833827,0.0,DQN_RND,0.001,0.99,mountaincar,dense
6,323,-200.0,200,0.6390693187713623,-1.0,0.0003147208481095731,0.0,DQN_RND,0.001,0.99,mountaincar,dense
6,324,-200.0,200,0.8296100497245789,-1.0,0.00030603152117691934,0.0,DQN_RND,0.001,0.99,mountaincar,dense
6,325,-200.0,200,0.7142654657363892,-1.0,0.0003096309374086559,0.0,DQN_RND,0.001,0.99,mountaincar,dense
6,326,-200.0,200,0.8783525824546814,-1.0,0.0003206416149623692,0.0,DQN_RND,0.001,0.99,mountaincar,dense
6,327,-200.0,200,0.6470540165901184,-1.0,0.00029193508089520037,0.0,DQN_RND,0.001,0.99,mountaincar,dense
6,328,-200.0,200,0.6084374189376831,-1.0,0.00027838454116135836,0.0,DQN_RND,0.001,0.99,mountaincar,dense
6,329,-200.0,200,0.8806310296058655,-1.0,0.00028402722091414034,0.0,DQN_RND,0.001,0.99,mountaincar,dense
6,330,-200.0,200,0.6522085666656494,-1.0,0.00031012954423204064,0.0,DQN_RND,0.001,0.99,mountaincar,dense
6,331,-200.0,200,0.8715988397598267,-1.0,0.0003135611186735332,0.0,DQN_RND,0.001,0.99,mountaincar,dense
6,332,-200.0,200,0.741779088973999,-1.0,0.00029531752807088196,0.0,DQN_RND,0.001,0.99,mountaincar,dense
6,333,-200.0,200,0.5196199417114258,-1.0,0.00030825118301436305,0.0,DQN_RND,0.001,0.99,mountaincar,dense
6,334,-200.0,200,0.9826871156692505,-1.0,0.0002813024038914591,0.0,DQN_RND,0.001,0.99,mountaincar,dense
6,335,-200.0,200,0.6279639005661011,-1.0,0.00029103682027198374,0.0,DQN_RND,0.001,0.99,mountaincar,dense
6,336,-200.0,200,0.7941890954971313,-1.0,0.0003150182019453496,0.0,DQN_RND,0.001,0.99,mountaincar,dense
6,337,-200.0,200,0.8423565626144409,-1.0,0.0002824976108968258,0.0,DQN_RND,0.001,0.99,mountaincar,dense
6,338,-200.0,200,0.5322161316871643,-1.0,0.0003135681909043342,0.0,DQN_RND,0.001,0.99,mountaincar,dense
6,339,-200.0,200,0.7768274545669556,-1.0,0.000279152300208807,0.0,DQN_RND,0.001,0.99,mountaincar,dense
6,340,-200.0,200,0.7530825138092041,-1.0,0.0002966357278637588,0.0,DQN_RND,0.001,0.99,mountaincar,dense
6,341,-200.0,200,0.7625411152839661,-1.0,0.00027873984072357416,0.0,DQN_RND,0.001,0.99,mountaincar,dense
6,342,-200.0,200,0.7616671919822693,-1.0,0.0002802996023092419,0.0,DQN_RND,0.001,0.99,mountaincar,dense
6,343,-200.0,200,0.5680001378059387,-1.0,0.00029332813574001193,0.0,DQN_RND,0.001,0.99,mountaincar,dense
6,344,-200.0,200,0.8310604095458984,-1.0,0.0003059044829569757,0.0,DQN_RND,0.001,0.99,mountaincar,dense
6,345,-200.0,200,0.6305471062660217,-1.0,0.0002886175934690982,0.0,DQN_RND,0.001,0.99,mountaincar,dense
6,346,-200.0,200,0.8244543671607971,-1.0,0.00027860794216394424,0.0,DQN_RND,0.001,0.99,mountaincar,dense
6,347,-200.0,200,0.5637965202331543,-1.0,0.00027645876980386674,0.0,DQN_RND,0.001,0.99,mountaincar,dense
6,348,-200.0,200,0.4133913516998291,-1.0,0.00028044788632541895,0.0,DQN_RND,0.001,0.99,mountaincar,dense
6,349,-200.0,200,0.9477165341377258,-1.0,0.00027338031213730574,0.0,DQN_RND,0.001,0.99,mountaincar,dense
6,350,-200.0,200,0.4804770350456238,-1.0,0.00027081399457529187,0.0,DQN_RND,0.001,0.99,mountaincar,dense
6,351,-200.0,200,0.7772406935691833,-1.0,0.0002904168504755944,0.0,DQN_RND,0.001,0.99,mountaincar,dense
6,352,-200.0,200,0.7997266054153442,-1.0,0.00026767663075588644,0.0,DQN_RND,0.001,0.99,mountaincar,dense
6,353,-200.0,200,0.7685708999633789,-1.0,0.0003049462684430182,0.0,DQN_RND,0.001,0.99,mountaincar,dense
6,354,-200.0,200,0.6874346733093262,-1.0,0.0002814200415741652,0.0,DQN_RND,0.001,0.99,mountaincar,dense
6,355,-200.0,200,0.527919352054596,-1.0,0.0002771289728116244,0.0,DQN_RND,0.001,0.99,mountaincar,dense
6,356,-200.0,200,1.0039783716201782,-1.0,0.0002753087319433689,0.0,DQN_RND,0.001,0.99,mountaincar,dense
6,357,-200.0,200,0.8799657225608826,-1.0,0.00028133849264122546,0.0,DQN_RND,0.001,0.99,mountaincar,dense
6,358,-200.0,200,0.739234447479248,-1.0,0.000266365910647437,0.0,DQN_RND,0.001,0.99,mountaincar,dense
6,359,-200.0,200,1.2100903987884521,-1.0,0.0003060469462070614,0.0,DQN_RND,0.001,0.99,mountaincar,dense
6,360,-200.0,200,0.9073354601860046,-1.0,0.00030300821526907384,0.0,DQN_RND,0.001,0.99,mountaincar,dense
6,361,-200.0,200,1.181915283203125,-1.0,0.0002893734781537205,0.0,DQN_RND,0.001,0.99,mountaincar,dense
6,362,-200.0,200,0.658997118473053,-1.0,0.00028672805638052523,0.0,DQN_RND,0.001,0.99,mountaincar,dense
6,363,-200.0,200,1.0328080654144287,-1.0,0.0003078027511946857,0.0,DQN_RND,0.001,0.99,mountaincar,dense
6,364,-200.0,200,1.0969058275222778,-1.0,0.0003536171279847622,0.0,DQN_RND,0.001,0.99,mountaincar,dense
6,365,-200.0,200,0.9794509410858154,-1.0,0.00037369635538198054,0.0,DQN_RND,0.001,0.99,mountaincar,dense
6,366,-200.0,200,1.3874186277389526,-1.0,0.0003943101328331977,0.0,DQN_RND,0.001,0.99,mountaincar,dense
6,367,-200.0,200,0.6645387411117554,-1.0,0.0003074914566241205,0.0,DQN_RND,0.001,0.99,mountaincar,dense
6,368,-200.0,200,0.722812294960022,-1.0,0.0003932405961677432,0.0,DQN_RND,0.001,0.99,mountaincar,dense
6,369,-200.0,200,1.0012714862823486,-1.0,0.0003080074966419488,0.0,DQN_RND,0.001,0.99,mountaincar,dense
6,370,-200.0,200,1.097795844078064,-1.0,0.00024632152053527534,0.0,DQN_RND,0.001,0.99,mountaincar,dense
6,371,-200.0,200,0.8085957765579224,-1.0,0.00022101974172983319,0.0,DQN_RND,0.001,0.99,mountaincar,dense
6,372,-200.0,200,0.4733321964740753,-1.0,0.00022837067081127316,0.0,DQN_RND,0.001,0.99,mountaincar,dense
6,373,-200.0,200,0.13701006770133972,-1.0,0.0002858743828255683,0.0,DQN_RND,0.001,0.99,mountaincar,dense
6,374,-200.0,200,0.8142842054367065,-1.0,0.00026293733390048146,0.0,DQN_RND,0.001,0.99,mountaincar,dense
6,375,-200.0,200,0.5188371539115906,-1.0,0.0002325279201613739,0.0,DQN_RND,0.001,0.99,mountaincar,dense
6,376,-200.0,200,0.8206943273544312,-1.0,0.00022025547514203936,0.0,DQN_RND,0.001,0.99,mountaincar,dense
6,377,-200.0,200,0.5079008936882019,-1.0,0.0002270017721457407,0.0,DQN_RND,0.001,0.99,mountaincar,dense
6,378,-200.0,200,0.6046825051307678,-1.0,0.00021951593225821853,0.0,DQN_RND,0.001,0.99,mountaincar,dense
6,379,-200.0,200,0.7688666582107544,-1.0,0.00023003846581559628,0.0,DQN_RND,0.001,0.99,mountaincar,dense
6,380,-200.0,200,0.9977222681045532,-1.0,0.00021250020654406399,0.0,DQN_RND,0.001,0.99,mountaincar,dense
6,381,-200.0,200,0.8065451383590698,-1.0,0.00020944014249835163,0.0,DQN_RND,0.001,0.99,mountaincar,dense
6,382,-200.0,200,0.8100817203521729,-1.0,0.00023949788010213524,0.0,DQN_RND,0.001,0.99,mountaincar,dense
6,383,-200.0,200,1.3761281967163086,-1.0,0.00020819190831389278,0.0,DQN_RND,0.001,0.99,mountaincar,dense
6,384,-200.0,200,1.8051373958587646,-1.0,0.00021528273646254092,0.0,DQN_RND,0.001,0.99,mountaincar,dense
6,385,-200.0,200,0.8730533719062805,-1.0,0.0002862940600607544,0.0,DQN_RND,0.001,0.99,mountaincar,dense
6,386,-200.0,200,0.48272645473480225,-1.0,0.00030229639378376305,0.0,DQN_RND,0.001,0.99,mountaincar,dense
6,387,-200.0,200,1.9597623348236084,-1.0,0.0003383703588042408,0.0,DQN_RND,0.001,0.99,mountaincar,dense
6,388,-200.0,200,0.7978894710540771,-1.0,0.00031002823379822075,0.0,DQN_RND,0.001,0.99,mountaincar,dense
6,389,-200.0,200,1.6225159168243408,-1.0,0.00028828822541981936,0.0,DQN_RND,0.001,0.99,mountaincar,dense
6,390,-200.0,200,1.6570769548416138,-1.0,0.00019700202392414212,0.0,DQN_RND,0.001,0.99,mountaincar,dense
6,391,-200.0,200,1.2023495435714722,-1.0,0.00021796049259137362,0.0,DQN_RND,0.001,0.99,mountaincar,dense
6,392,-200.0,200,2.1213293075561523,-1.0,0.00022079766495153308,0.0,DQN_RND,0.001,0.99,mountaincar,dense
6,393,-200.0,200,1.3930102586746216,-1.0,0.00021315024059731513,0.0,DQN_RND,0.001,0.99,mountaincar,dense
6,394,-200.0,200,1.4053843021392822,-1.0,0.00020487108849920332,0.0,DQN_RND,0.001,0.99,mountaincar,dense
6,395,-200.0,200,1.4851897954940796,-1.0,0.0002609076036605984,0.0,DQN_RND,0.001,0.99,mountaincar,dense
6,396,-200.0,200,2.4262261390686035,-1.0,0.0001920150243677199,0.0,DQN_RND,0.001,0.99,mountaincar,dense
6,397,-200.0,200,1.9913214445114136,-1.0,0.0002427839644951746,0.0,DQN_RND,0.001,0.99,mountaincar,dense
6,398,-200.0,200,1.53697669506073,-1.0,0.0002040871186181903,0.0,DQN_RND,0.001,0.99,mountaincar,dense
6,399,-200.0,200,1.4006580114364624,-1.0,0.0002604895271360874,0.0,DQN_RND,0.001,0.99,mountaincar,dense
6,400,-200.0,200,1.6382439136505127,-1.0,0.00022596448252443224,0.0,DQN_RND,0.001,0.99,mountaincar,dense
6,401,-200.0,200,1.9780280590057373,-1.0,0.0004023331275675446,0.0,DQN_RND,0.001,0.99,mountaincar,dense
6,402,-200.0,200,0.625203013420105,-1.0,0.0002784259559120983,0.0,DQN_RND,0.001,0.99,mountaincar,dense
6,403,-200.0,200,0.58807373046875,-1.0,0.00021180267503950745,0.0,DQN_RND,0.001,0.99,mountaincar,dense
6,404,-200.0,200,3.4292101860046387,-1.0,0.00022032606648281217,0.0,DQN_RND,0.001,0.99,mountaincar,dense
6,405,-200.0,200,3.0521836280822754,-1.0,0.00020173420489300042,0.0,DQN_RND,0.001,0.99,mountaincar,dense
6,406,-200.0,200,0.9789221286773682,-1.0,0.00019421307661104947,0.0,DQN_RND,0.001,0.99,mountaincar,dense
6,407,-200.0,200,0.06958211958408356,-1.0,0.0002058885438600555,0.0,DQN_RND,0.001,0.99,mountaincar,dense
6,408,-200.0,200,1.2967143058776855,-1.0,0.00021124962950125337,0.0,DQN_RND,0.001,0.99,mountaincar,dense
6,409,-200.0,200,2.3999710083007812,-1.0,0.00020222247985657305,0.0,DQN_RND,0.001,0.99,mountaincar,dense
6,410,-200.0,200,0.8037986159324646,-1.0,0.00026825975510291755,0.0,DQN_RND,0.001,0.99,mountaincar,dense
6,411,-200.0,200,3.884545087814331,-1.0,0.0002838574582710862,0.0,DQN_RND,0.001,0.99,mountaincar,dense
6,412,-200.0,200,1.4343892335891724,-1.0,0.0003434332029428333,0.0,DQN_RND,0.001,0.99,mountaincar,dense
6,413,-200.0,200,0.6858797073364258,-1.0,0.0002682669146452099,0.0,DQN_RND,0.001,0.99,mountaincar,dense
6,414,-200.0,200,2.6843314170837402,-1.0,0.0003041703603230417,0.0,DQN_RND,0.001,0.99,mountaincar,dense
6,415,-200.0,200,1.7740520238876343,-1.0,0.0002523405128158629,0.0,DQN_RND,0.001,0.99,mountaincar,dense
6,416,-200.0,200,5.295017719268799,-1.0,0.00030290352879092097,0.0,DQN_RND,0.001,0.99,mountaincar,dense
6,417,-200.0,200,2.4339535236358643,-1.0,0.00028303495491854846,0.0,DQN_RND,0.001,0.99,mountaincar,dense
6,418,-200.0,200,3.28482723236084,-1.0,0.0004017084138467908,0.0,DQN_RND,0.001,0.99,mountaincar,dense
6,419,-200.0,200,2.0666451454162598,-1.0,0.0002114183735102415,0.0,DQN_RND,0.001,0.99,mountaincar,dense
6,420,-200.0,200,1.9172712564468384,-1.0,0.00020915466302540153,0.0,DQN_RND,0.001,0.99,mountaincar,dense
6,421,-200.0,200,2.0720932483673096,-1.0,0.0002004099660553038,0.0,DQN_RND,0.001,0.99,mountaincar,dense
6,422,-200.0,200,0.9946961998939514,-1.0,0.0001982877147383988,0.0,DQN_RND,0.001,0.99,mountaincar,dense
6,423,-200.0,200,1.9103645086288452,-1.0,0.00022302777506411076,0.0,DQN_RND,0.001,0.99,mountaincar,dense
6,424,-200.0,200,1.2649978399276733,-1.0,0.00028534187003970146,0.0,DQN_RND,0.001,0.99,mountaincar,dense
6,425,-200.0,200,0.9737719297409058,-1.0,0.00022304087178781629,0.0,DQN_RND,0.001,0.99,mountaincar,dense
6,426,-200.0,200,2.270963191986084,-1.0,0.00036176620051264763,0.0,DQN_RND,0.001,0.99,mountaincar,dense
6,427,-200.0,200,1.0810751914978027,-1.0,0.0003207031113561243,0.0,DQN_RND,0.001,0.99,mountaincar,dense
6,428,-200.0,200,3.0576157569885254,-1.0,0.00026664772303774953,0.0,DQN_RND,0.001,0.99,mountaincar,dense
6,429,-200.0,200,5.6249098777771,-1.0,0.0002892013581003994,0.0,DQN_RND,0.001,0.99,mountaincar,dense
6,430,-200.0,200,2.159726619720459,-1.0,0.00019182772666681558,0.0,DQN_RND,0.001,0.99,mountaincar,dense
6,431,-200.0,200,0.22430208325386047,-1.0,0.00020749960094690323,0.0,DQN_RND,0.001,0.99,mountaincar,dense
6,432,-200.0,200,1.0977057218551636,-1.0,0.0001988983858609572,0.0,DQN_RND,0.001,0.99,mountaincar,dense
6,433,-200.0,200,4.693167686462402,-1.0,0.0001963453833013773,0.0,DQN_RND,0.001,0.99,mountaincar,dense
6,434,-200.0,200,2.5517568588256836,-1.0,0.00030239156330935657,0.0,DQN_RND,0.001,0.99,mountaincar,dense
6,435,-200.0,200,5.632588863372803,-1.0,0.00018577417358756065,0.0,DQN_RND,0.001,0.99,mountaincar,dense
6,436,-200.0,200,4.0819172859191895,-1.0,0.0003448306233622134,0.0,DQN_RND,0.001,0.99,mountaincar,dense
6,437,-200.0,200,7.392385005950928,-1.0,0.00020914466585963964,0.0,DQN_RND,0.001,0.99,mountaincar,dense
6,438,-200.0,200,4.815822601318359,-1.0,0.00021385827858466655,0.0,DQN_RND,0.001,0.99,mountaincar,dense
6,439,-200.0,200,5.2014336585998535,-1.0,0.0002036895602941513,0.0,DQN_RND,0.001,0.99,mountaincar,dense
6,440,-200.0,200,1.2648813724517822,-1.0,0.00024606045917607844,0.0,DQN_RND,0.001,0.99,mountaincar,dense
6,441,-200.0,200,4.362569808959961,-1.0,0.0003252695023547858,0.0,DQN_RND,0.001,0.99,mountaincar,dense
6,442,-200.0,200,4.456287384033203,-1.0,0.00033179527963511646,0.0,DQN_RND,0.001,0.99,mountaincar,dense
6,443,-200.0,200,1.5056569576263428,-1.0,0.000422919838456437,0.0,DQN_RND,0.001,0.99,mountaincar,dense
6,444,-200.0,200,3.0346803665161133,-1.0,0.000182690258952789,0.0,DQN_RND,0.001,0.99,mountaincar,dense
6,445,-200.0,200,0.031681038439273834,-1.0,0.00028293050127103925,0.0,DQN_RND,0.001,0.99,mountaincar,dense
6,446,-200.0,200,4.02870512008667,-1.0,0.000273613550234586,0.0,DQN_RND,0.001,0.99,mountaincar,dense
6,447,-200.0,200,7.045066833496094,-1.0,0.0002617959980852902,0.0,DQN_RND,0.001,0.99,mountaincar,dense
6,448,-200.0,200,1.2670788764953613,-1.0,0.00026247758069075644,0.0,DQN_RND,0.001,0.99,mountaincar,dense
6,449,-200.0,200,1.605097770690918,-1.0,0.0003755268407985568,0.0,DQN_RND,0.001,0.99,mountaincar,dense
6,450,-200.0,200,2.8447539806365967,-1.0,0.0002160671865567565,0.0,DQN_RND,0.001,0.99,mountaincar,dense
6,451,-200.0,200,6.633887767791748,-1.0,0.00023808213882148266,0.0,DQN_RND,0.001,0.99,mountaincar,dense
6,452,-200.0,200,2.9886021614074707,-1.0,0.0002677375159692019,0.0,DQN_RND,0.001,0.99,mountaincar,dense
6,453,-200.0,200,4.5262932777404785,-1.0,0.0003820360288955271,0.0,DQN_RND,0.001,0.99,mountaincar,dense
6,454,-200.0,200,4.929317951202393,-1.0,0.00021509555517695844,0.0,DQN_RND,0.001,0.99,mountaincar,dense
6,455,-200.0,200,3.4648091793060303,-1.0,0.0003600255586206913,0.0,DQN_RND,0.001,0.99,mountaincar,dense
6,456,-200.0,200,1.833120346069336,-1.0,0.0003258658980485052,0.0,DQN_RND,0.001,0.99,mountaincar,dense
6,457,-200.0,200,3.5469703674316406,-1.0,0.0003537133161444217,0.0,DQN_RND,0.001,0.99,mountaincar,dense
6,458,-200.0,200,6.795105934143066,-1.0,0.00037949171382933855,0.0,DQN_RND,0.001,0.99,mountaincar,dense
6,459,-200.0,200,4.812950611114502,-1.0,0.00040664090192876756,0.0,DQN_RND,0.001,0.99,mountaincar,dense
6,460,-200.0,200,3.7914369106292725,-1.0,0.00033525144681334496,0.0,DQN_RND,0.001,0.99,mountaincar,dense
6,461,-200.0,200,12.297463417053223,-1.0,0.0003643894160632044,0.0,DQN_RND,0.001,0.99,mountaincar,dense
6,462,-200.0,200,4.923295021057129,-1.0,0.0003533955605234951,0.0,DQN_RND,0.001,0.99,mountaincar,dense
6,463,-200.0,200,5.2427520751953125,-1.0,0.0003423183225095272,0.0,DQN_RND,0.001,0.99,mountaincar,dense
6,464,-200.0,200,5.421926498413086,-1.0,0.0003221738152205944,0.0,DQN_RND,0.001,0.99,mountaincar,dense
6,465,-200.0,200,7.750887870788574,-1.0,0.0002133075031451881,0.0,DQN_RND,0.001,0.99,mountaincar,dense
6,466,-200.0,200,6.030175685882568,-1.0,0.00019929997506551445,0.0,DQN_RND,0.001,0.99,mountaincar,dense
6,467,-200.0,200,7.769808292388916,-1.0,0.00025367995840497315,0.0,DQN_RND,0.001,0.99,mountaincar,dense
6,468,-200.0,200,2.00142502784729,-1.0,0.00021925329929217696,0.0,DQN_RND,0.001,0.99,mountaincar,dense
6,469,-200.0,200,5.9510111808776855,-1.0,0.00024814216885715723,0.0,DQN_RND,0.001,0.99,mountaincar,dense
6,470,-200.0,200,4.088130474090576,-1.0,0.000260948552750051,0.0,DQN_RND,0.001,0.99,mountaincar,dense
6,471,-200.0,200,8.427229881286621,-1.0,0.0002442919067107141,0.0,DQN_RND,0.001,0.99,mountaincar,dense
6,472,-200.0,200,7.990620136260986,-1.0,0.00035372463753446937,0.0,DQN_RND,0.001,0.99,mountaincar,dense
6,473,-200.0,200,4.385993003845215,-1.0,0.0003362426068633795,0.0,DQN_RND,0.001,0.99,mountaincar,dense
6,474,-200.0,200,2.1044998168945312,-1.0,0.00026838795747607946,0.0,DQN_RND,0.001,0.99,mountaincar,dense
6,475,-200.0,200,6.208666801452637,-1.0,0.00040134595474228263,0.0,DQN_RND,0.001,0.99,mountaincar,dense
6,476,-200.0,200,6.100850582122803,-1.0,0.0003393389342818409,0.0,DQN_RND,0.001,0.99,mountaincar,dense
6,477,-200.0,200,6.540464878082275,-1.0,0.0003288549487479031,0.0,DQN_RND,0.001,0.99,mountaincar,dense
6,478,-200.0,200,2.43666934967041,-1.0,0.00038463814416900277,0.0,DQN_RND,0.001,0.99,mountaincar,dense
6,479,-200.0,200,9.597881317138672,-1.0,0.0003639276255853474,0.0,DQN_RND,0.001,0.99,mountaincar,dense
6,480,-200.0,200,8.27524471282959,-1.0,0.00031894948915578425,0.0,DQN_RND,0.001,0.99,mountaincar,dense
6,481,-200.0,200,9.197607040405273,-1.0,0.00018397081294097006,0.0,DQN_RND,0.001,0.99,mountaincar,dense
6,482,-200.0,200,6.932364463806152,-1.0,0.0001969595323316753,0.0,DQN_RND,0.001,0.99,mountaincar,dense
6,483,-200.0,200,7.020368576049805,-1.0,0.00019710088963620365,0.0,DQN_RND,0.001,0.99,mountaincar,dense
6,484,-200.0,200,9.467384338378906,-1.0,0.00018030681530945003,0.0,DQN_RND,0.001,0.99,mountaincar,dense
6,485,-200.0,200,4.280218124389648,-1.0,0.00037032741238363087,0.0,DQN_RND,0.001,0.99,mountaincar,dense
6,486,-200.0,200,5.238197326660156,-1.0,0.0003435513353906572,0.0,DQN_RND,0.001,0.99,mountaincar,dense
6,487,-200.0,200,6.876766204833984,-1.0,0.0003456041740719229,0.0,DQN_RND,0.001,0.99,mountaincar,dense
6,488,-200.0,200,5.018553733825684,-1.0,0.0002547494659665972,0.0,DQN_RND,0.001,0.99,mountaincar,dense
6,489,-200.0,200,7.608848571777344,-1.0,0.00026657211128622293,0.0,DQN_RND,0.001,0.99,mountaincar,dense
6,490,-200.0,200,7.390937805175781,-1.0,0.0002691868576221168,0.0,DQN_RND,0.001,0.99,mountaincar,dense
6,491,-200.0,200,7.342219352722168,-1.0,0.00019939935009460896,0.0,DQN_RND,0.001,0.99,mountaincar,dense
6,492,-200.0,200,7.462201118469238,-1.0,0.0003249838773626834,0.0,DQN_RND,0.001,0.99,mountaincar,dense
6,493,-200.0,200,2.5407071113586426,-1.0,0.0003778776153922081,0.0,DQN_RND,0.001,0.99,mountaincar,dense
6,494,-200.0,200,12.594218254089355,-1.0,0.0003491179959382862,0.0,DQN_RND,0.001,0.99,mountaincar,dense
6,495,-200.0,200,12.976692199707031,-1.0,0.00034532073186710477,0.0,DQN_RND,0.001,0.99,mountaincar,dense
6,496,-200.0,200,7.655945777893066,-1.0,0.00023104964930098504,0.0,DQN_RND,0.001,0.99,mountaincar,dense
6,497,-200.0,200,2.400468349456787,-1.0,0.0003491929965093732,0.0,DQN_RND,0.001,0.99,mountaincar,dense
6,498,-200.0,200,10.33473014831543,-1.0,0.00039719598134979606,0.0,DQN_RND,0.001,0.99,mountaincar,dense
6,499,-200.0,200,5.136526584625244,-1.0,0.0001928608980961144,0.0,DQN_RND,0.001,0.99,mountaincar,dense
6,500,-200.0,200,5.226476192474365,-1.0,0.0001718609855743125,0.0,DQN_RND,0.001,0.99,mountaincar,dense
6,501,-200.0,200,8.138708114624023,-1.0,0.00023646086629014462,0.0,DQN_RND,0.001,0.99,mountaincar,dense
6,502,-200.0,200,5.629550457000732,-1.0,0.00025568626006133854,0.0,DQN_RND,0.001,0.99,mountaincar,dense
6,503,-200.0,200,2.4239444732666016,-1.0,0.00019031570991501212,0.0,DQN_RND,0.001,0.99,mountaincar,dense
6,504,-200.0,200,11.168082237243652,-1.0,0.00017461919924244285,0.0,DQN_RND,0.001,0.99,mountaincar,dense
6,505,-200.0,200,16.79616928100586,-1.0,0.00017262862820643932,0.0,DQN_RND,0.001,0.99,mountaincar,dense
6,506,-200.0,200,5.60496187210083,-1.0,0.00021334933990146965,0.0,DQN_RND,0.001,0.99,mountaincar,dense
6,507,-200.0,200,8.44041633605957,-1.0,0.00034761297865770757,0.0,DQN_RND,0.001,0.99,mountaincar,dense
6,508,-200.0,200,8.64196491241455,-1.0,0.000339819845976308,0.0,DQN_RND,0.001,0.99,mountaincar,dense
6,509,-200.0,200,11.462871551513672,-1.0,0.0003393295337446034,0.0,DQN_RND,0.001,0.99,mountaincar,dense
6,510,-200.0,200,2.8673973083496094,-1.0,0.00021349840972106904,0.0,DQN_RND,0.001,0.99,mountaincar,dense
6,511,-200.0,200,11.925542831420898,-1.0,0.0003475630655884743,0.0,DQN_RND,0.001,0.99,mountaincar,dense
6,512,-200.0,200,8.522500991821289,-1.0,0.00025402673054486513,0.0,DQN_RND,0.001,0.99,mountaincar,dense
6,513,-200.0,200,2.6280245780944824,-1.0,0.00023253259132616222,0.0,DQN_RND,0.001,0.99,mountaincar,dense
6,514,-200.0,200,0.10268542170524597,-1.0,0.00016772744129411876,0.0,DQN_RND,0.001,0.99,mountaincar,dense
6,515,-200.0,200,2.6774957180023193,-1.0,0.00016655416402500123,0.0,DQN_RND,0.001,0.99,mountaincar,dense
6,516,-200.0,200,5.92525053024292,-1.0,0.00017399044008925557,0.0,DQN_RND,0.001,0.99,mountaincar,dense
6,517,-200.0,200,8.981596946716309,-1.0,0.00017396510520484298,0.0,DQN_RND,0.001,0.99,mountaincar,dense
6,518,-200.0,200,11.938946723937988,-1.0,0.00040934531716629863,0.0,DQN_RND,0.001,0.99,mountaincar,dense
6,519,-200.0,200,9.3822603225708,-1.0,0.00024137728905770928,0.0,DQN_RND,0.001,0.99,mountaincar,dense
6,520,-200.0,200,9.084912300109863,-1.0,0.00032209133496508,0.0,DQN_RND,0.001,0.99,mountaincar,dense
6,521,-200.0,200,2.819570302963257,-1.0,0.00034267286537215114,0.0,DQN_RND,0.001,0.99,mountaincar,dense
6,522,-200.0,200,8.794683456420898,-1.0,0.0001606964215170592,0.0,DQN_RND,0.001,0.99,mountaincar,dense
6,523,-200.0,200,12.512189865112305,-1.0,0.0002644097257871181,0.0,DQN_RND,0.001,0.99,mountaincar,dense
6,524,-200.0,200,6.621991157531738,-1.0,0.00017974078946281224,0.0,DQN_RND,0.001,0.99,mountaincar,dense
6,525,-200.0,200,2.8686113357543945,-1.0,0.00018136482685804367,0.0,DQN_RND,0.001,0.99,mountaincar,dense
6,526,-200.0,200,9.325582504272461,-1.0,0.00025388196809217334,0.0,DQN_RND,0.001,0.99,mountaincar,dense
6,527,-200.0,200,9.637889862060547,-1.0,0.0004115940537303686,0.0,DQN_RND,0.001,0.99,mountaincar,dense
6,528,-200.0,200,2.860445976257324,-1.0,0.00016980386862996966,0.0,DQN_RND,0.001,0.99,mountaincar,dense
6,529,-200.0,200,9.802976608276367,-1.0,0.00017574931553099304,0.0,DQN_RND,0.001,0.99,mountaincar,dense
6,530,-200.0,200,13.740995407104492,-1.0,0.0001743378961691633,0.0,DQN_RND,0.001,0.99,mountaincar,dense
6,531,-200.0,200,9.765804290771484,-1.0,0.00016105547547340393,0.0,DQN_RND,0.001,0.99,mountaincar,dense
6,532,-200.0,200,15.674162864685059,-1.0,0.00024336423666682094,0.0,DQN_RND,0.001,0.99,mountaincar,dense
6,533,-200.0,200,3.5314953327178955,-1.0,0.00016293860971927643,0.0,DQN_RND,0.001,0.99,mountaincar,dense
6,534,-200.0,200,13.106398582458496,-1.0,0.00017135946836788207,0.0,DQN_RND,0.001,0.99,mountaincar,dense
6,535,-200.0,200,16.532411575317383,-1.0,0.0001754625845933333,0.0,DQN_RND,0.001,0.99,mountaincar,dense
6,536,-200.0,200,5.921848297119141,-1.0,0.00017113221110776067,0.0,DQN_RND,0.001,0.99,mountaincar,dense
6,537,-200.0,200,9.188251495361328,-1.0,0.00017225676856469363,0.0,DQN_RND,0.001,0.99,mountaincar,dense
6,538,-200.0,200,3.7680704593658447,-1.0,0.00037304023862816393,0.0,DQN_RND,0.001,0.99,mountaincar,dense
6,539,-200.0,200,3.344308614730835,-1.0,0.00018649558478500694,0.0,DQN_RND,0.001,0.99,mountaincar,dense
6,540,-200.0,200,3.5888781547546387,-1.0,0.00018763674597721547,0.0,DQN_RND,0.001,0.99,mountaincar,dense
6,541,-200.0,200,10.719103813171387,-1.0,0.00024038742412813008,0.0,DQN_RND,0.001,0.99,mountaincar,dense
6,542,-200.0,200,3.401482343673706,-1.0,0.00026341990451328456,0.0,DQN_RND,0.001,0.99,mountaincar,dense
6,543,-200.0,200,3.8306517601013184,-1.0,0.0002496441884431988,0.0,DQN_RND,0.001,0.99,mountaincar,dense
6,544,-200.0,200,11.280654907226562,-1.0,0.00024108696379698813,0.0,DQN_RND,0.001,0.99,mountaincar,dense
6,545,-200.0,200,12.745838165283203,-1.0,0.0003348028985783458,0.0,DQN_RND,0.001,0.99,mountaincar,dense
6,546,-200.0,200,3.156296730041504,-1.0,0.00024266856780741364,0.0,DQN_RND,0.001,0.99,mountaincar,dense
6,547,-200.0,200,17.905315399169922,-1.0,0.00024998164735734463,0.0,DQN_RND,0.001,0.99,mountaincar,dense
6,548,-200.0,200,11.240601539611816,-1.0,0.0003327745362184942,0.0,DQN_RND,0.001,0.99,mountaincar,dense
6,549,-200.0,200,7.857282638549805,-1.0,0.00032660437864251435,0.0,DQN_RND,0.001,0.99,mountaincar,dense
6,550,-200.0,200,7.03618049621582,-1.0,0.0002373476600041613,0.0,DQN_RND,0.001,0.99,mountaincar,dense
6,551,-200.0,200,0.05853944271802902,-1.0,0.00026789522962644696,0.0,DQN_RND,0.001,0.99,mountaincar,dense
6,552,-200.0,200,15.013113021850586,-1.0,0.0002505516749806702,0.0,DQN_RND,0.001,0.99,mountaincar,dense
6,553,-200.0,200,15.10546588897705,-1.0,0.00015935454575810581,0.0,DQN_RND,0.001,0.99,mountaincar,dense
6,554,-200.0,200,6.982665061950684,-1.0,0.0004198190872557461,0.0,DQN_RND,0.001,0.99,mountaincar,dense
6,555,-200.0,200,15.585416793823242,-1.0,0.00016357240383513272,0.0,DQN_RND,0.001,0.99,mountaincar,dense
6,556,-200.0,200,0.08027002960443497,-1.0,0.00026741233887150884,0.0,DQN_RND,0.001,0.99,mountaincar,dense
6,557,-200.0,200,14.260976791381836,-1.0,0.0002446696162223816,0.0,DQN_RND,0.001,0.99,mountaincar,dense
6,558,-200.0,200,13.953140258789062,-1.0,0.00016375213454011828,0.0,DQN_RND,0.001,0.99,mountaincar,dense
6,559,-200.0,200,17.970291137695312,-1.0,0.00018254411406815052,0.0,DQN_RND,0.001,0.99,mountaincar,dense
6,560,-200.0,200,10.762616157531738,-1.0,0.0002355241304030642,0.0,DQN_RND,0.001,0.99,mountaincar,dense
6,561,-200.0,200,15.14034366607666,-1.0,0.00023871220764704049,0.0,DQN_RND,0.001,0.99,mountaincar,dense
6,562,-200.0,200,0.03647580370306969,-1.0,0.0002391508751315996,0.0,DQN_RND,0.001,0.99,mountaincar,dense
6,563,-200.0,200,3.726738452911377,-1.0,0.00023933008196763694,0.0,DQN_RND,0.001,0.99,mountaincar,dense
6,564,-200.0,200,3.643005132675171,-1.0,0.00016278453404083848,0.0,DQN_RND,0.001,0.99,mountaincar,dense
6,565,-200.0,200,8.390583038330078,-1.0,0.0002579761203378439,0.0,DQN_RND,0.001,0.99,mountaincar,dense
6,566,-200.0,200,14.717107772827148,-1.0,0.0002558073028922081,0.0,DQN_RND,0.001,0.99,mountaincar,dense
6,567,-200.0,200,8.096132278442383,-1.0,0.00024396802473347634,0.0,DQN_RND,0.001,0.99,mountaincar,dense
6,568,-200.0,200,10.343785285949707,-1.0,0.00024365860735997558,0.0,DQN_RND,0.001,0.99,mountaincar,dense
6,569,-200.0,200,18.555957794189453,-1.0,0.00024739731452427804,0.0,DQN_RND,0.001,0.99,mountaincar,dense
6,570,-200.0,200,21.96393585205078,-1.0,0.00025473954156041145,0.0,DQN_RND,0.001,0.99,mountaincar,dense
6,571,-200.0,200,24.11528205871582,-1.0,0.0002370716247241944,0.0,DQN_RND,0.001,0.99,mountaincar,dense
6,572,-200.0,200,7.353919982910156,-1.0,0.0003585510712582618,0.0,DQN_RND,0.001,0.99,mountaincar,dense
6,573,-200.0,200,25.298669815063477,-1.0,0.00015667355910409242,0.0,DQN_RND,0.001,0.99,mountaincar,dense
6,574,-200.0,200,14.825860977172852,-1.0,0.00038100391975604,0.0,DQN_RND,0.001,0.99,mountaincar,dense
6,575,-200.0,200,10.673863410949707,-1.0,0.00026918755611404777,0.0,DQN_RND,0.001,0.99,mountaincar,dense
6,576,-200.0,200,10.997639656066895,-1.0,0.0002489137405063957,0.0,DQN_RND,0.001,0.99,mountaincar,dense
6,577,-200.0,200,14.607799530029297,-1.0,0.00024110620142892003,0.0,DQN_RND,0.001,0.99,mountaincar,dense
6,578,-200.0,200,22.183059692382812,-1.0,0.0002536288520786911,0.0,DQN_RND,0.001,0.99,mountaincar,dense
6,579,-200.0,200,8.258993148803711,-1.0,0.0002396164054516703,0.0,DQN_RND,0.001,0.99,mountaincar,dense
6,580,-200.0,200,0.059093497693538666,-1.0,0.0003735086938831955,0.0,DQN_RND,0.001,0.99,mountaincar,dense
6,581,-200.0,200,0.07877453416585922,-1.0,0.00039182318141683936,0.0,DQN_RND,0.001,0.99,mountaincar,dense
6,582,-200.0,200,3.6537885665893555,-1.0,0.0002736604947131127,0.0,DQN_RND,0.001,0.99,mountaincar,dense
6,583,-200.0,200,12.019091606140137,-1.0,0.00017485969874542207,0.0,DQN_RND,0.001,0.99,mountaincar,dense
6,584,-200.0,200,13.52106761932373,-1.0,0.0001707131159491837,0.0,DQN_RND,0.001,0.99,mountaincar,dense
6,585,-200.0,200,12.642775535583496,-1.0,0.00015212401922326535,0.0,DQN_RND,0.001,0.99,mountaincar,dense
6,586,-200.0,200,6.839505195617676,-1.0,0.00014321871276479214,0.0,DQN_RND,0.001,0.99,mountaincar,dense
6,587,-200.0,200,19.441516876220703,-1.0,0.00023036811035126448,0.0,DQN_RND,0.001,0.99,mountaincar,dense
6,588,-200.0,200,13.807001113891602,-1.0,0.0002265356306452304,0.0,DQN_RND,0.001,0.99,mountaincar,dense
6,589,-200.0,200,0.08617326617240906,-1.0,0.0002577468694653362,0.0,DQN_RND,0.001,0.99,mountaincar,dense
6,590,-200.0,200,10.24897575378418,-1.0,0.00022583988902624696,0.0,DQN_RND,0.001,0.99,mountaincar,dense
6,591,-200.0,200,11.795181274414062,-1.0,0.00016127282287925482,0.0,DQN_RND,0.001,0.99,mountaincar,dense
6,592,-200.0,200,15.574981689453125,-1.0,0.0003132699348498136,0.0,DQN_RND,0.001,0.99,mountaincar,dense
6,593,-200.0,200,4.485207557678223,-1.0,0.00022477917082142085,0.0,DQN_RND,0.001,0.99,mountaincar,dense
6,594,-200.0,200,6.867273807525635,-1.0,0.00033509425702504814,0.0,DQN_RND,0.001,0.99,mountaincar,dense
6,595,-200.0,200,3.9620981216430664,-1.0,0.00023172199144028127,0.0,DQN_RND,0.001,0.99,mountaincar,dense
6,596,-200.0,200,12.012775421142578,-1.0,0.00022072727733757347,0.0,DQN_RND,0.001,0.99,mountaincar,dense
6,597,-200.0,200,12.538751602172852,-1.0,0.0002370870643062517,0.0,DQN_RND,0.001,0.99,mountaincar,dense
6,598,-200.0,200,8.160398483276367,-1.0,0.00022952098515816033,0.0,DQN_RND,0.001,0.99,mountaincar,dense
6,599,-200.0,200,7.290548324584961,-1.0,0.0002226762007921934,0.0,DQN_RND,0.001,0.99,mountaincar,dense
6,600,-200.0,200,7.608844757080078,-1.0,0.00021646312961820513,0.0,DQN_RND,0.001,0.99,mountaincar,dense
6,601,-200.0,200,19.471420288085938,-1.0,0.00024229343398474157,0.0,DQN_RND,0.001,0.99,mountaincar,dense
6,602,-200.0,200,28.671056747436523,-1.0,0.00014313495194073766,0.0,DQN_RND,0.001,0.99,mountaincar,dense
6,603,-200.0,200,0.2837742269039154,-1.0,0.0003548254317138344,0.0,DQN_RND,0.001,0.99,mountaincar,dense
6,604,-200.0,200,4.479907035827637,-1.0,0.0003581820637919009,0.0,DQN_RND,0.001,0.99,mountaincar,dense
6,605,-200.0,200,0.01945462077856064,-1.0,0.00045755720930173993,0.0,DQN_RND,0.001,0.99,mountaincar,dense
6,606,-200.0,200,4.454576015472412,-1.0,0.00038252456579357386,0.0,DQN_RND,0.001,0.99,mountaincar,dense
6,607,-200.0,200,7.723823547363281,-1.0,0.0001541517412988469,0.0,DQN_RND,0.001,0.99,mountaincar,dense
6,608,-200.0,200,11.71178150177002,-1.0,0.0001500572543591261,0.0,DQN_RND,0.001,0.99,mountaincar,dense
6,609,-200.0,200,7.914363861083984,-1.0,0.0002286587841808796,0.0,DQN_RND,0.001,0.99,mountaincar,dense
6,610,-200.0,200,13.669458389282227,-1.0,0.00036011874908581376,0.0,DQN_RND,0.001,0.99,mountaincar,dense
6,611,-200.0,200,17.913633346557617,-1.0,0.00034258700907230377,0.0,DQN_RND,0.001,0.99,mountaincar,dense
6,612,-200.0,200,9.462912559509277,-1.0,0.00036359624937176704,0.0,DQN_RND,0.001,0.99,mountaincar,dense
6,613,-200.0,200,16.435136795043945,-1.0,0.00023124633298721164,0.0,DQN_RND,0.001,0.99,mountaincar,dense
6,614,-200.0,200,8.623345375061035,-1.0,0.0002893783967010677,0.0,DQN_RND,0.001,0.99,mountaincar,dense
6,615,-200.0,200,4.109787464141846,-1.0,0.0003414542006794363,0.0,DQN_RND,0.001,0.99,mountaincar,dense
6,616,-200.0,200,12.856444358825684,-1.0,0.00024906970793381333,0.0,DQN_RND,0.001,0.99,mountaincar,dense
6,617,-200.0,200,0.023377172648906708,-1.0,0.0002951685164589435,0.0,DQN_RND,0.001,0.99,mountaincar,dense
6,618,-200.0,200,12.96820068359375,-1.0,0.00014816965267527848,0.0,DQN_RND,0.001,0.99,mountaincar,dense
6,619,-200.0,200,0.06002918630838394,-1.0,0.00022663743584416807,0.0,DQN_RND,0.001,0.99,mountaincar,dense
6,620,-200.0,200,13.427202224731445,-1.0,0.0002232269471278414,0.0,DQN_RND,0.001,0.99,mountaincar,dense
6,621,-200.0,200,13.294498443603516,-1.0,0.0002628768852446228,0.0,DQN_RND,0.001,0.99,mountaincar,dense
6,622,-200.0,200,18.853408813476562,-1.0,0.00014280015602707863,0.0,DQN_RND,0.001,0.99,mountaincar,dense
6,623,-200.0,200,20.933536529541016,-1.0,0.0003992225101683289,0.0,DQN_RND,0.001,0.99,mountaincar,dense
6,624,-200.0,200,10.15995979309082,-1.0,0.00021051072690170258,0.0,DQN_RND,0.001,0.99,mountaincar,dense
6,625,-200.0,200,12.249131202697754,-1.0,0.00033161137253046036,0.0,DQN_RND,0.001,0.99,mountaincar,dense
6,626,-200.0,200,9.188419342041016,-1.0,0.00035958830267190933,0.0,DQN_RND,0.001,0.99,mountaincar,dense
6,627,-200.0,200,3.7789928913116455,-1.0,0.0002209412632510066,0.0,DQN_RND,0.001,0.99,mountaincar,dense
6,628,-200.0,200,4.565407752990723,-1.0,0.00014189633657224476,0.0,DQN_RND,0.001,0.99,mountaincar,dense
6,629,-200.0,200,14.619251251220703,-1.0,0.00031943689100444317,0.0,DQN_RND,0.001,0.99,mountaincar,dense
6,630,-200.0,200,4.601161956787109,-1.0,0.00032914115581661463,0.0,DQN_RND,0.001,0.99,mountaincar,dense
6,631,-200.0,200,4.4631524085998535,-1.0,0.00022033421555534005,0.0,DQN_RND,0.001,0.99,mountaincar,dense
6,632,-200.0,200,28.270952224731445,-1.0,0.00022449604875873774,0.0,DQN_RND,0.001,0.99,mountaincar,dense
6,633,-200.0,200,27.86124038696289,-1.0,0.00033642552443780005,0.0,DQN_RND,0.001,0.99,mountaincar,dense
6,634,-200.0,200,33.56318664550781,-1.0,0.00022874223941471428,0.0,DQN_RND,0.001,0.99,mountaincar,dense
6,635,-200.0,200,4.206326484680176,-1.0,0.00022181645908858627,0.0,DQN_RND,0.001,0.99,mountaincar,dense
6,636,-200.0,200,13.096014022827148,-1.0,0.0001437059254385531,0.0,DQN_RND,0.001,0.99,mountaincar,dense
6,637,-200.0,200,25.08053970336914,-1.0,0.00013676952221430838,0.0,DQN_RND,0.001,0.99,mountaincar,dense
6,638,-200.0,200,9.17578125,-1.0,0.0004299296415410936,0.0,DQN_RND,0.001,0.99,mountaincar,dense
6,639,-200.0,200,0.06237778067588806,-1.0,0.0003298813826404512,0.0,DQN_RND,0.001,0.99,mountaincar,dense
6,640,-200.0,200,18.836807250976562,-1.0,0.0003779654507525265,0.0,DQN_RND,0.001,0.99,mountaincar,dense
6,641,-200.0,200,14.006514549255371,-1.0,0.0003541575570125133,0.0,DQN_RND,0.001,0.99,mountaincar,dense
6,642,-200.0,200,18.51536750793457,-1.0,0.00032096393988467753,0.0,DQN_RND,0.001,0.99,mountaincar,dense
6,643,-200.0,200,10.336329460144043,-1.0,0.00034587597474455833,0.0,DQN_RND,0.001,0.99,mountaincar,dense
6,644,-200.0,200,9.452323913574219,-1.0,0.000329185655573383,0.0,DQN_RND,0.001,0.99,mountaincar,dense
6,645,-200.0,200,23.37936782836914,-1.0,0.00013705986202694476,0.0,DQN_RND,0.001,0.99,mountaincar,dense
6,646,-200.0,200,9.579124450683594,-1.0,0.00012585188960656524,0.0,DQN_RND,0.001,0.99,mountaincar,dense
6,647,-200.0,200,10.00556755065918,-1.0,0.00013582897372543812,0.0,DQN_RND,0.001,0.99,mountaincar,dense
6,648,-200.0,200,0.02490054816007614,-1.0,0.0001459261984564364,0.0,DQN_RND,0.001,0.99,mountaincar,dense
6,649,-200.0,200,4.4826741218566895,-1.0,0.00015282588719855994,0.0,DQN_RND,0.001,0.99,mountaincar,dense
6,650,-200.0,200,4.783164978027344,-1.0,0.0002113539376296103,0.0,DQN_RND,0.001,0.99,mountaincar,dense
6,651,-200.0,200,9.254730224609375,-1.0,0.00013863792992196977,0.0,DQN_RND,0.001,0.99,mountaincar,dense
6,652,-200.0,200,5.0996551513671875,-1.0,0.00022664725838694721,0.0,DQN_RND,0.001,0.99,mountaincar,dense
6,653,-200.0,200,4.704986572265625,-1.0,0.00032505200942978263,0.0,DQN_RND,0.001,0.99,mountaincar,dense
6,654,-200.0,200,10.734050750732422,-1.0,0.00021461135474964976,0.0,DQN_RND,0.001,0.99,mountaincar,dense
6,655,-200.0,200,9.65636157989502,-1.0,0.0001549708831589669,0.0,DQN_RND,0.001,0.99,mountaincar,dense
6,656,-200.0,200,30.22454071044922,-1.0,0.00013275716628413647,0.0,DQN_RND,0.001,0.99,mountaincar,dense
6,657,-200.0,200,17.835622787475586,-1.0,0.0003325263678561896,0.0,DQN_RND,0.001,0.99,mountaincar,dense
6,658,-200.0,200,5.970825672149658,-1.0,0.00022230343893170357,0.0,DQN_RND,0.001,0.99,mountaincar,dense
6,659,-200.0,200,25.398204803466797,-1.0,0.0003569573746062815,0.0,DQN_RND,0.001,0.99,mountaincar,dense
6,660,-200.0,200,14.96160888671875,-1.0,0.000381866266252473,0.0,DQN_RND,0.001,0.99,mountaincar,dense
6,661,-200.0,200,31.55547332763672,-1.0,0.00021818115783389658,0.0,DQN_RND,0.001,0.99,mountaincar,dense
6,662,-200.0,200,15.502229690551758,-1.0,0.0003778050886467099,0.0,DQN_RND,0.001,0.99,mountaincar,dense
6,663,-200.0,200,4.587482452392578,-1.0,0.00022336425899993628,0.0,DQN_RND,0.001,0.99,mountaincar,dense
6,664,-200.0,200,0.07040280848741531,-1.0,0.0003129627148155123,0.0,DQN_RND,0.001,0.99,mountaincar,dense
6,665,-200.0,200,22.9136962890625,-1.0,0.0003033614775631577,0.0,DQN_RND,0.001,0.99,mountaincar,dense
6,666,-200.0,200,35.972862243652344,-1.0,0.00039098685374483466,0.0,DQN_RND,0.001,0.99,mountaincar,dense
6,667,-200.0,200,25.985370635986328,-1.0,0.00021573038247879595,0.0,DQN_RND,0.001,0.99,mountaincar,dense
6,668,-200.0,200,9.437606811523438,-1.0,0.00013472179125528783,0.0,DQN_RND,0.001,0.99,mountaincar,dense
6,669,-200.0,200,17.120193481445312,-1.0,0.00032340286998078227,0.0,DQN_RND,0.001,0.99,mountaincar,dense
6,670,-200.0,200,0.1164512187242508,-1.0,0.00037517212331295013,0.0,DQN_RND,0.001,0.99,mountaincar,dense
6,671,-200.0,200,32.99296951293945,-1.0,0.00032591266790404916,0.0,DQN_RND,0.001,0.99,mountaincar,dense
6,672,-200.0,200,10.049198150634766,-1.0,0.00022140404325909913,0.0,DQN_RND,0.001,0.99,mountaincar,dense
6,673,-200.0,200,0.14993569254875183,-1.0,0.0003388937038835138,0.0,DQN_RND,0.001,0.99,mountaincar,dense
6,674,-200.0,200,21.69306755065918,-1.0,0.00032899624784477055,0.0,DQN_RND,0.001,0.99,mountaincar,dense
6,675,-200.0,200,16.142148971557617,-1.0,0.00037661721580661833,0.0,DQN_RND,0.001,0.99,mountaincar,dense
6,676,-200.0,200,5.919543743133545,-1.0,0.00023944345593918115,0.0,DQN_RND,0.001,0.99,mountaincar,dense
6,677,-200.0,200,5.149428367614746,-1.0,0.00034695694921538234,0.0,DQN_RND,0.001,0.99,mountaincar,dense
6,678,-200.0,200,15.348185539245605,-1.0,0.00013828241208102554,0.0,DQN_RND,0.001,0.99,mountaincar,dense
6,679,-200.0,200,15.679977416992188,-1.0,0.00013019249308854342,0.0,DQN_RND,0.001,0.99,mountaincar,dense
6,680,-200.0,200,10.735172271728516,-1.0,0.00035042385570704937,0.0,DQN_RND,0.001,0.99,mountaincar,dense
6,681,-200.0,200,11.700641632080078,-1.0,0.00021593942074105144,0.0,DQN_RND,0.001,0.99,mountaincar,dense
6,682,-200.0,200,0.07819872349500656,-1.0,0.00020991917699575424,0.0,DQN_RND,0.001,0.99,mountaincar,dense
6,683,-200.0,200,12.305949211120605,-1.0,0.00022015490685589612,0.0,DQN_RND,0.001,0.99,mountaincar,dense
6,684,-200.0,200,16.350488662719727,-1.0,0.00036482064751908183,0.0,DQN_RND,0.001,0.99,mountaincar,dense
6,685,-200.0,200,5.435705661773682,-1.0,0.00021343499247450382,0.0,DQN_RND,0.001,0.99,mountaincar,dense
6,686,-200.0,200,13.163582801818848,-1.0,0.00020861126540694386,0.0,DQN_RND,0.001,0.99,mountaincar,dense
6,687,-200.0,200,11.707366943359375,-1.0,0.0002070144546451047,0.0,DQN_RND,0.001,0.99,mountaincar,dense
6,688,-200.0,200,23.065967559814453,-1.0,0.00013974907051306218,0.0,DQN_RND,0.001,0.99,mountaincar,dense
6,689,-200.0,200,16.75678253173828,-1.0,0.00025292515056207776,0.0,DQN_RND,0.001,0.99,mountaincar,dense
6,690,-200.0,200,5.8970866203308105,-1.0,0.00038563559064641595,0.0,DQN_RND,0.001,0.99,mountaincar,dense
6,691,-200.0,200,4.546292781829834,-1.0,0.0003048145736102015,0.0,DQN_RND,0.001,0.99,mountaincar,dense
6,692,-200.0,200,12.84338092803955,-1.0,0.0001333935942966491,0.0,DQN_RND,0.001,0.99,mountaincar,dense
6,693,-200.0,200,0.040939297527074814,-1.0,0.0001289935753447935,0.0,DQN_RND,0.001,0.99,mountaincar,dense
6,694,-200.0,200,11.329092025756836,-1.0,0.0001191736082546413,0.0,DQN_RND,0.001,0.99,mountaincar,dense
6,695,-200.0,200,0.07779049128293991,-1.0,0.00012985523790121078,0.0,DQN_RND,0.001,0.99,mountaincar,dense
6,696,-200.0,200,17.24705696105957,-1.0,0.00012651107681449503,0.0,DQN_RND,0.001,0.99,mountaincar,dense
6,697,-200.0,200,17.125606536865234,-1.0,0.0002118354314006865,0.0,DQN_RND,0.001,0.99,mountaincar,dense
6,698,-200.0,200,18.048473358154297,-1.0,0.00021942934836260974,0.0,DQN_RND,0.001,0.99,mountaincar,dense
6,699,-200.0,200,11.499359130859375,-1.0,0.0003669040452223271,0.0,DQN_RND,0.001,0.99,mountaincar,dense
6,700,-200.0,200,24.139312744140625,-1.0,0.00020212747040204704,0.0,DQN_RND,0.001,0.99,mountaincar,dense
6,701,-200.0,200,34.273250579833984,-1.0,0.00021397967066150159,0.0,DQN_RND,0.001,0.99,mountaincar,dense
6,702,-200.0,200,11.062084197998047,-1.0,0.00020644183678086847,0.0,DQN_RND,0.001,0.99,mountaincar,dense
6,703,-200.0,200,17.225927352905273,-1.0,0.00012153411080362275,0.0,DQN_RND,0.001,0.99,mountaincar,dense
6,704,-200.0,200,12.488137245178223,-1.0,0.0001275114918826148,0.0,DQN_RND,0.001,0.99,mountaincar,dense
6,705,-200.0,200,0.08490582555532455,-1.0,0.00011858289508381858,0.0,DQN_RND,0.001,0.99,mountaincar,dense
6,706,-200.0,200,16.04664421081543,-1.0,0.00013020170445088297,0.0,DQN_RND,0.001,0.99,mountaincar,dense
6,707,-200.0,200,17.779024124145508,-1.0,0.00013597156794276088,0.0,DQN_RND,0.001,0.99,mountaincar,dense
6,708,-200.0,200,0.038704030215740204,-1.0,0.00012652459554374218,0.0,DQN_RND,0.001,0.99,mountaincar,dense
6,709,-200.0,200,31.804798126220703,-1.0,0.0001342531031696126,0.0,DQN_RND,0.001,0.99,mountaincar,dense
6,710,-200.0,200,16.166057586669922,-1.0,0.00020518078235909343,0.0,DQN_RND,0.001,0.99,mountaincar,dense
6,711,-200.0,200,38.58977508544922,-1.0,0.00012360392429400235,0.0,DQN_RND,0.001,0.99,mountaincar,dense
6,712,-200.0,200,0.1758945733308792,-1.0,0.00020194811804685742,0.0,DQN_RND,0.001,0.99,mountaincar,dense
6,713,-200.0,200,10.955920219421387,-1.0,0.0002205633354606107,0.0,DQN_RND,0.001,0.99,mountaincar,dense
6,714,-200.0,200,17.304349899291992,-1.0,0.00020658357243519276,0.0,DQN_RND,0.001,0.99,mountaincar,dense
6,715,-200.0,200,11.085018157958984,-1.0,0.0002198834699811414,0.0,DQN_RND,0.001,0.99,mountaincar,dense
6,716,-200.0,200,17.09177017211914,-1.0,0.0002064572472590953,0.0,DQN_RND,0.001,0.99,mountaincar,dense
6,717,-200.0,200,5.861472129821777,-1.0,0.0003334011125843972,0.0,DQN_RND,0.001,0.99,mountaincar,dense
6,718,-200.0,200,5.358970642089844,-1.0,0.00031833903631195426,0.0,DQN_RND,0.001,0.99,mountaincar,dense
6,719,-200.0,200,17.572803497314453,-1.0,0.00011972073116339743,0.0,DQN_RND,0.001,0.99,mountaincar,dense
6,720,-200.0,200,25.28801155090332,-1.0,0.00037333706859499216,0.0,DQN_RND,0.001,0.99,mountaincar,dense
6,721,-200.0,200,6.646413326263428,-1.0,0.0003183351072948426,0.0,DQN_RND,0.001,0.99,mountaincar,dense
6,722,-200.0,200,11.185771942138672,-1.0,0.0003523929335642606,0.0,DQN_RND,0.001,0.99,mountaincar,dense
6,723,-200.0,200,5.426498889923096,-1.0,0.00020649931684602052,0.0,DQN_RND,0.001,0.99,mountaincar,dense
6,724,-200.0,200,11.853614807128906,-1.0,0.00012143036292400211,0.0,DQN_RND,0.001,0.99,mountaincar,dense
6,725,-200.0,200,11.205906867980957,-1.0,0.00021627190290018916,0.0,DQN_RND,0.001,0.99,mountaincar,dense
6,726,-200.0,200,5.610233783721924,-1.0,0.0002322259679203853,0.0,DQN_RND,0.001,0.99,mountaincar,dense
6,727,-200.0,200,24.243289947509766,-1.0,0.00012224263628013432,0.0,DQN_RND,0.001,0.99,mountaincar,dense
6,728,-200.0,200,23.05696678161621,-1.0,0.00021115729759912938,0.0,DQN_RND,0.001,0.99,mountaincar,dense
6,729,-200.0,200,10.351289749145508,-1.0,0.00011597228149184957,0.0,DQN_RND,0.001,0.99,mountaincar,dense
6,730,-200.0,200,11.08836841583252,-1.0,0.0001163956694654189,0.0,DQN_RND,0.001,0.99,mountaincar,dense
6,731,-200.0,200,11.31699275970459,-1.0,0.00011475494829937816,0.0,DQN_RND,0.001,0.99,mountaincar,dense
6,732,-200.0,200,15.986922264099121,-1.0,0.00010924933303613216,0.0,DQN_RND,0.001,0.99,mountaincar,dense
6,733,-200.0,200,11.693733215332031,-1.0,0.0003808952169492841,0.0,DQN_RND,0.001,0.99,mountaincar,dense
6,734,-200.0,200,0.05534631386399269,-1.0,0.00020757045422215015,0.0,DQN_RND,0.001,0.99,mountaincar,dense
6,735,-200.0,200,16.039737701416016,-1.0,0.0002138921554433182,0.0,DQN_RND,0.001,0.99,mountaincar,dense
6,736,-200.0,200,5.241329193115234,-1.0,0.00019929865084122866,0.0,DQN_RND,0.001,0.99,mountaincar,dense
6,737,-200.0,200,24.441513061523438,-1.0,0.00012090845120837912,0.0,DQN_RND,0.001,0.99,mountaincar,dense
6,738,-200.0,200,11.244537353515625,-1.0,0.0003703509864863008,0.0,DQN_RND,0.001,0.99,mountaincar,dense
6,739,-200.0,200,16.544912338256836,-1.0,0.00033555564004927874,0.0,DQN_RND,0.001,0.99,mountaincar,dense
6,740,-200.0,200,18.399736404418945,-1.0,0.00020485505228862166,0.0,DQN_RND,0.001,0.99,mountaincar,dense
6,741,-200.0,200,20.666900634765625,-1.0,0.00020363941439427435,0.0,DQN_RND,0.001,0.99,mountaincar,dense
6,742,-200.0,200,12.613258361816406,-1.0,0.00010892234422499314,0.0,DQN_RND,0.001,0.99,mountaincar,dense
6,743,-200.0,200,6.6192169189453125,-1.0,0.0002099616831401363,0.0,DQN_RND,0.001,0.99,mountaincar,dense
6,744,-200.0,200,22.682477951049805,-1.0,0.00011320432531647384,0.0,DQN_RND,0.001,0.99,mountaincar,dense
6,745,-200.0,200,16.739627838134766,-1.0,0.00012105926725780591,0.0,DQN_RND,0.001,0.99,mountaincar,dense
6,746,-200.0,200,5.836202621459961,-1.0,0.0001163910492323339,0.0,DQN_RND,0.001,0.99,mountaincar,dense
6,747,-200.0,200,37.72503662109375,-1.0,0.00011292184353806078,0.0,DQN_RND,0.001,0.99,mountaincar,dense
6,748,-200.0,200,34.44845962524414,-1.0,0.00013092346489429474,0.0,DQN_RND,0.001,0.99,mountaincar,dense
6,749,-200.0,200,0.0891687348484993,-1.0,0.0001940887450473383,0.0,DQN_RND,0.001,0.99,mountaincar,dense
6,750,-200.0,200,10.197423934936523,-1.0,0.00020731038239318877,0.0,DQN_RND,0.001,0.99,mountaincar,dense
6,751,-200.0,200,21.242284774780273,-1.0,0.00011338208423694596,0.0,DQN_RND,0.001,0.99,mountaincar,dense
6,752,-200.0,200,11.42870044708252,-1.0,0.00011524657747941092,0.0,DQN_RND,0.001,0.99,mountaincar,dense
6,753,-200.0,200,6.048836708068848,-1.0,0.00021321572421584278,0.0,DQN_RND,0.001,0.99,mountaincar,dense
6,754,-200.0,200,41.04856872558594,-1.0,0.00036986175109632313,0.0,DQN_RND,0.001,0.99,mountaincar,dense
6,755,-200.0,200,11.13949966430664,-1.0,0.00020654818217735738,0.0,DQN_RND,0.001,0.99,mountaincar,dense
6,756,-200.0,200,0.05152728408575058,-1.0,0.00019500547205097973,0.0,DQN_RND,0.001,0.99,mountaincar,dense
6,757,-200.0,200,17.054912567138672,-1.0,0.00019848841475322843,0.0,DQN_RND,0.001,0.99,mountaincar,dense
6,758,-200.0,200,5.024324893951416,-1.0,0.000203822273761034,0.0,DQN_RND,0.001,0.99,mountaincar,dense
6,759,-200.0,200,16.447397232055664,-1.0,0.00012409573537297547,0.0,DQN_RND,0.001,0.99,mountaincar,dense
6,760,-200.0,200,16.352188110351562,-1.0,0.00011509551404742524,0.0,DQN_RND,0.001,0.99,mountaincar,dense
6,761,-200.0,200,15.899687767028809,-1.0,0.00022492989955935627,0.0,DQN_RND,0.001,0.99,mountaincar,dense
6,762,-200.0,200,11.273685455322266,-1.0,0.0001942011440405622,0.0,DQN_RND,0.001,0.99,mountaincar,dense
6,763,-200.0,200,16.022546768188477,-1.0,0.0001996013888856396,0.0,DQN_RND,0.001,0.99,mountaincar,dense
6,764,-200.0,200,11.529518127441406,-1.0,0.00021471678337547928,0.0,DQN_RND,0.001,0.99,mountaincar,dense
6,765,-200.0,200,22.465049743652344,-1.0,0.00019496047752909362,0.0,DQN_RND,0.001,0.99,mountaincar,dense
6,766,-200.0,200,17.701316833496094,-1.0,0.0001286649057874456,0.0,DQN_RND,0.001,0.99,mountaincar,dense
6,767,-200.0,200,23.588537216186523,-1.0,0.00011485579307191074,0.0,DQN_RND,0.001,0.99,mountaincar,dense
6,768,-200.0,200,11.915533065795898,-1.0,0.00020798365585505962,0.0,DQN_RND,0.001,0.99,mountaincar,dense
6,769,-200.0,200,11.137022018432617,-1.0,0.0001264089223695919,0.0,DQN_RND,0.001,0.99,mountaincar,dense
6,770,-200.0,200,12.690733909606934,-1.0,0.00022210348106455058,0.0,DQN_RND,0.001,0.99,mountaincar,dense
6,771,-200.0,200,22.243152618408203,-1.0,0.00020515632058959454,0.0,DQN_RND,0.001,0.99,mountaincar,dense
6,772,-200.0,200,17.423852920532227,-1.0,0.00020353059517219663,0.0,DQN_RND,0.001,0.99,mountaincar,dense
6,773,-200.0,200,27.271732330322266,-1.0,0.000198164299945347,0.0,DQN_RND,0.001,0.99,mountaincar,dense
6,774,-200.0,200,5.812577724456787,-1.0,0.0002014592755585909,0.0,DQN_RND,0.001,0.99,mountaincar,dense
6,775,-200.0,200,10.941774368286133,-1.0,0.00019613011681940407,0.0,DQN_RND,0.001,0.99,mountaincar,dense
6,776,-200.0,200,17.54544448852539,-1.0,0.00010511616710573435,0.0,DQN_RND,0.001,0.99,mountaincar,dense
6,777,-200.0,200,4.9815354347229,-1.0,0.0001977322535822168,0.0,DQN_RND,0.001,0.99,mountaincar,dense
6,778,-200.0,200,11.441139221191406,-1.0,0.00012010276986984536,0.0,DQN_RND,0.001,0.99,mountaincar,dense
6,779,-200.0,200,19.316890716552734,-1.0,0.00029810317209921777,0.0,DQN_RND,0.001,0.99,mountaincar,dense
6,780,-200.0,200,0.09918873012065887,-1.0,0.00019556265033315867,0.0,DQN_RND,0.001,0.99,mountaincar,dense
6,781,-200.0,200,0.0578579306602478,-1.0,0.00020707205112557858,0.0,DQN_RND,0.001,0.99,mountaincar,dense
6,782,-200.0,200,21.281408309936523,-1.0,0.00018613335851114243,0.0,DQN_RND,0.001,0.99,mountaincar,dense
6,783,-200.0,200,12.246485710144043,-1.0,0.000190902195754461,0.0,DQN_RND,0.001,0.99,mountaincar,dense
6,784,-200.0,200,11.86691665649414,-1.0,0.00019652306218631566,0.0,DQN_RND,0.001,0.99,mountaincar,dense
6,785,-200.0,200,15.700328826904297,-1.0,0.00019011023687198758,0.0,DQN_RND,0.001,0.99,mountaincar,dense
6,786,-200.0,200,22.4173641204834,-1.0,0.0001094200270017609,0.0,DQN_RND,0.001,0.99,mountaincar,dense
6,787,-200.0,200,43.88998794555664,-1.0,0.00010953029413940385,0.0,DQN_RND,0.001,0.99,mountaincar,dense
6,788,-200.0,200,19.890392303466797,-1.0,0.00010814917914103717,0.0,DQN_RND,0.001,0.99,mountaincar,dense
6,789,-200.0,200,17.01443862915039,-1.0,0.0003521674661897123,0.0,DQN_RND,0.001,0.99,mountaincar,dense
6,790,-200.0,200,5.3734869956970215,-1.0,0.00020449758449103683,0.0,DQN_RND,0.001,0.99,mountaincar,dense
6,791,-200.0,200,0.057935211807489395,-1.0,0.00010521741205593571,0.0,DQN_RND,0.001,0.99,mountaincar,dense
6,792,-200.0,200,11.306836128234863,-1.0,0.0001685831230133772,0.0,DQN_RND,0.001,0.99,mountaincar,dense
6,793,-200.0,200,6.03969669342041,-1.0,0.00038421727367676795,0.0,DQN_RND,0.001,0.99,mountaincar,dense
6,794,-200.0,200,5.481561183929443,-1.0,0.00019126578990835696,0.0,DQN_RND,0.001,0.99,mountaincar,dense
6,795,-200.0,200,12.701181411743164,-1.0,0.0001058741909218952,0.0,DQN_RND,0.001,0.99,mountaincar,dense
6,796,-200.0,200,29.48262596130371,-1.0,0.0001966221898328513,0.0,DQN_RND,0.001,0.99,mountaincar,dense
6,797,-200.0,200,0.10173045843839645,-1.0,0.00029879380599595606,0.0,DQN_RND,0.001,0.99,mountaincar,dense
6,798,-200.0,200,0.02540808543562889,-1.0,0.00032640303834341466,0.0,DQN_RND,0.001,0.99,mountaincar,dense
6,799,-200.0,200,23.70996856689453,-1.0,0.0003668573044706136,0.0,DQN_RND,0.001,0.99,mountaincar,dense
6,800,-200.0,200,12.676172256469727,-1.0,0.00012048718053847551,0.0,DQN_RND,0.001,0.99,mountaincar,dense
6,801,-200.0,200,6.738038539886475,-1.0,0.0001966660493053496,0.0,DQN_RND,0.001,0.99,mountaincar,dense
6,802,-200.0,200,17.737276077270508,-1.0,0.0001918464113259688,0.0,DQN_RND,0.001,0.99,mountaincar,dense
6,803,-200.0,200,24.316268920898438,-1.0,0.00019423266348894686,0.0,DQN_RND,0.001,0.99,mountaincar,dense
6,804,-200.0,200,10.241439819335938,-1.0,0.00019343194435350597,0.0,DQN_RND,0.001,0.99,mountaincar,dense
6,805,-200.0,200,12.764429092407227,-1.0,0.00010017862223321572,0.0,DQN_RND,0.001,0.99,mountaincar,dense
6,806,-200.0,200,18.16440200805664,-1.0,0.0002187111385865137,0.0,DQN_RND,0.001,0.99,mountaincar,dense
6,807,-200.0,200,11.416472434997559,-1.0,0.00010298154666088521,0.0,DQN_RND,0.001,0.99,mountaincar,dense
6,808,-200.0,200,18.20747947692871,-1.0,9.860465070232749e-05,0.0,DQN_RND,0.001,0.99,mountaincar,dense
6,809,-200.0,200,22.134552001953125,-1.0,0.0003568654356058687,0.0,DQN_RND,0.001,0.99,mountaincar,dense
6,810,-200.0,200,7.9062018394470215,-1.0,0.00020209071226418018,0.0,DQN_RND,0.001,0.99,mountaincar,dense
6,811,-200.0,200,11.928786277770996,-1.0,0.0004044646630063653,0.0,DQN_RND,0.001,0.99,mountaincar,dense
6,812,-200.0,200,23.34554100036621,-1.0,0.00033650692785158753,0.0,DQN_RND,0.001,0.99,mountaincar,dense
6,813,-200.0,200,6.2072529792785645,-1.0,0.00010172826296184212,0.0,DQN_RND,0.001,0.99,mountaincar,dense
6,814,-200.0,200,6.559275150299072,-1.0,0.0001991440512938425,0.0,DQN_RND,0.001,0.99,mountaincar,dense
6,815,-200.0,200,17.457345962524414,-1.0,9.671326552052051e-05,0.0,DQN_RND,0.001,0.99,mountaincar,dense
6,816,-200.0,200,6.249241828918457,-1.0,0.00010366721835453063,0.0,DQN_RND,0.001,0.99,mountaincar,dense
6,817,-200.0,200,0.026827596127986908,-1.0,0.0001974223559955135,0.0,DQN_RND,0.001,0.99,mountaincar,dense
6,818,-200.0,200,0.018863026052713394,-1.0,0.00020253272668924183,0.0,DQN_RND,0.001,0.99,mountaincar,dense
6,819,-200.0,200,23.767961502075195,-1.0,0.0001949584111571312,0.0,DQN_RND,0.001,0.99,mountaincar,dense
6,820,-200.0,200,23.505470275878906,-1.0,0.00019504092051647604,0.0,DQN_RND,0.001,0.99,mountaincar,dense
6,821,-200.0,200,44.94471740722656,-1.0,0.0001999097439693287,0.0,DQN_RND,0.001,0.99,mountaincar,dense
6,822,-200.0,200,22.695404052734375,-1.0,0.00010734817624324933,0.0,DQN_RND,0.001,0.99,mountaincar,dense
6,823,-200.0,200,11.923372268676758,-1.0,0.00010370660311309621,0.0,DQN_RND,0.001,0.99,mountaincar,dense
6,824,-200.0,200,17.336830139160156,-1.0,0.0001928188285091892,0.0,DQN_RND,0.001,0.99,mountaincar,dense
6,825,-200.0,200,10.926239013671875,-1.0,0.00019190256716683507,0.0,DQN_RND,0.001,0.99,mountaincar,dense
6,826,-200.0,200,0.047400373965501785,-1.0,0.00019313297525513917,0.0,DQN_RND,0.001,0.99,mountaincar,dense
6,827,-200.0,200,0.020899392664432526,-1.0,0.00020307331578806043,0.0,DQN_RND,0.001,0.99,mountaincar,dense
6,828,-200.0,200,23.27045249938965,-1.0,0.00020711164688691497,0.0,DQN_RND,0.001,0.99,mountaincar,dense
6,829,-200.0,200,11.69162368774414,-1.0,0.00019887655798811466,0.0,DQN_RND,0.001,0.99,mountaincar,dense
6,830,-200.0,200,5.520628929138184,-1.0,0.00011011648894054815,0.0,DQN_RND,0.001,0.99,mountaincar,dense
6,831,-200.0,200,18.50156593322754,-1.0,0.00010176851355936378,0.0,DQN_RND,0.001,0.99,mountaincar,dense
6,832,-200.0,200,0.026243140920996666,-1.0,0.00010140903032151982,0.0,DQN_RND,0.001,0.99,mountaincar,dense
6,833,-200.0,200,10.991190910339355,-1.0,9.879902063403279e-05,0.0,DQN_RND,0.001,0.99,mountaincar,dense
6,834,-200.0,200,38.67939758300781,-1.0,9.786406008061022e-05,0.0,DQN_RND,0.001,0.99,mountaincar,dense
6,835,-200.0,200,6.371277809143066,-1.0,0.0001843237114371732,0.0,DQN_RND,0.001,0.99,mountaincar,dense
6,836,-200.0,200,24.453815460205078,-1.0,0.00019627853180281818,0.0,DQN_RND,0.001,0.99,mountaincar,dense
6,837,-200.0,200,42.75950622558594,-1.0,0.0003695533378049731,0.0,DQN_RND,0.001,0.99,mountaincar,dense
6,838,-200.0,200,37.92509460449219,-1.0,0.0003904403420165181,0.0,DQN_RND,0.001,0.99,mountaincar,dense
6,839,-200.0,200,11.163782119750977,-1.0,0.00020129766198806465,0.0,DQN_RND,0.001,0.99,mountaincar,dense
6,840,-200.0,200,10.992454528808594,-1.0,9.182668145513162e-05,0.0,DQN_RND,0.001,0.99,mountaincar,dense
6,841,-200.0,200,16.66362762451172,-1.0,9.042637248057872e-05,0.0,DQN_RND,0.001,0.99,mountaincar,dense
6,842,-200.0,200,0.17089799046516418,-1.0,0.00019418823649175465,0.0,DQN_RND,0.001,0.99,mountaincar,dense
6,843,-200.0,200,18.052175521850586,-1.0,8.770379645284265e-05,0.0,DQN_RND,0.001,0.99,mountaincar,dense
6,844,-200.0,200,16.489574432373047,-1.0,0.00019163652905263007,0.0,DQN_RND,0.001,0.99,mountaincar,dense
6,845,-200.0,200,5.1165313720703125,-1.0,9.283780673285946e-05,0.0,DQN_RND,0.001,0.99,mountaincar,dense
6,846,-200.0,200,27.721019744873047,-1.0,0.00010770450899144635,0.0,DQN_RND,0.001,0.99,mountaincar,dense
6,847,-200.0,200,5.752951622009277,-1.0,9.975326975109056e-05,0.0,DQN_RND,0.001,0.99,mountaincar,dense
6,848,-200.0,200,16.738447189331055,-1.0,9.227960981661454e-05,0.0,DQN_RND,0.001,0.99,mountaincar,dense
6,849,-200.0,200,29.958349227905273,-1.0,0.00018908608763013035,0.0,DQN_RND,0.001,0.99,mountaincar,dense
6,850,-200.0,200,8.139437675476074,-1.0,0.00035669919452629983,0.0,DQN_RND,0.001,0.99,mountaincar,dense
6,851,-200.0,200,12.319351196289062,-1.0,0.000330981652950868,0.0,DQN_RND,0.001,0.99,mountaincar,dense
6,852,-200.0,200,24.36440086364746,-1.0,0.0003662150993477553,0.0,DQN_RND,0.001,0.99,mountaincar,dense
6,853,-200.0,200,17.25806999206543,-1.0,0.00037454735138453543,0.0,DQN_RND,0.001,0.99,mountaincar,dense
6,854,-200.0,200,6.436971187591553,-1.0,0.00018423172878101468,0.0,DQN_RND,0.001,0.99,mountaincar,dense
6,855,-200.0,200,6.527894973754883,-1.0,0.00031992612639442086,0.0,DQN_RND,0.001,0.99,mountaincar,dense
6,856,-200.0,200,44.866180419921875,-1.0,0.00033930109930224717,0.0,DQN_RND,0.001,0.99,mountaincar,dense
6,857,-200.0,200,28.638118743896484,-1.0,9.33519986574538e-05,0.0,DQN_RND,0.001,0.99,mountaincar,dense
6,858,-200.0,200,11.118047714233398,-1.0,9.725031850393862e-05,0.0,DQN_RND,0.001,0.99,mountaincar,dense
6,859,-200.0,200,0.04956931248307228,-1.0,9.663885430200025e-05,0.0,DQN_RND,0.001,0.99,mountaincar,dense
6,860,-200.0,200,0.018985718488693237,-1.0,9.02542524272576e-05,0.0,DQN_RND,0.001,0.99,mountaincar,dense
6,861,-200.0,200,9.822408676147461,-1.0,8.986873581307009e-05,0.0,DQN_RND,0.001,0.99,mountaincar,dense
6,862,-200.0,200,12.650165557861328,-1.0,9.39226956688799e-05,0.0,DQN_RND,0.001,0.99,mountaincar,dense
6,863,-200.0,200,5.05796480178833,-1.0,8.707218512427062e-05,0.0,DQN_RND,0.001,0.99,mountaincar,dense
6,864,-200.0,200,11.418922424316406,-1.0,9.656089241616428e-05,0.0,DQN_RND,0.001,0.99,mountaincar,dense
6,865,-200.0,200,28.996593475341797,-1.0,0.00011483790876809508,0.0,DQN_RND,0.001,0.99,mountaincar,dense
6,866,-200.0,200,6.087314128875732,-1.0,0.00010034235310740769,0.0,DQN_RND,0.001,0.99,mountaincar,dense
6,867,-200.0,200,16.820343017578125,-1.0,0.0003274549962952733,0.0,DQN_RND,0.001,0.99,mountaincar,dense
6,868,-200.0,200,11.582427024841309,-1.0,0.0001902000221889466,0.0,DQN_RND,0.001,0.99,mountaincar,dense
6,869,-200.0,200,14.304794311523438,-1.0,0.00019625629647634923,0.0,DQN_RND,0.001,0.99,mountaincar,dense
6,870,-200.0,200,29.617834091186523,-1.0,0.0003529890673235059,0.0,DQN_RND,0.001,0.99,mountaincar,dense
6,871,-200.0,200,5.216362953186035,-1.0,0.0003177996550220996,0.0,DQN_RND,0.001,0.99,mountaincar,dense
6,872,-200.0,200,23.462848663330078,-1.0,8.810219151200727e-05,0.0,DQN_RND,0.001,0.99,mountaincar,dense
6,873,-200.0,200,5.463643550872803,-1.0,8.426301792496815e-05,0.0,DQN_RND,0.001,0.99,mountaincar,dense
6,874,-200.0,200,0.043664053082466125,-1.0,8.879946108208969e-05,0.0,DQN_RND,0.001,0.99,mountaincar,dense
6,875,-200.0,200,10.928650856018066,-1.0,8.788036211626604e-05,0.0,DQN_RND,0.001,0.99,mountaincar,dense
6,876,-200.0,200,37.09455871582031,-1.0,0.00018765470304060727,0.0,DQN_RND,0.001,0.99,mountaincar,dense
6,877,-200.0,200,6.104685306549072,-1.0,0.00034053492709062994,0.0,DQN_RND,0.001,0.99,mountaincar,dense
6,878,-200.0,200,6.258415222167969,-1.0,0.0001901708310469985,0.0,DQN_RND,0.001,0.99,mountaincar,dense
6,879,-200.0,200,6.3586835861206055,-1.0,0.00020187061454635113,0.0,DQN_RND,0.001,0.99,mountaincar,dense
6,880,-200.0,200,13.59890365600586,-1.0,0.00018133271078113467,0.0,DQN_RND,0.001,0.99,mountaincar,dense
6,881,-200.0,200,25.648408889770508,-1.0,0.00034095198498107493,0.0,DQN_RND,0.001,0.99,mountaincar,dense
6,882,-200.0,200,26.204662322998047,-1.0,0.00038582939305342734,0.0,DQN_RND,0.001,0.99,mountaincar,dense
6,883,-200.0,200,17.903684616088867,-1.0,0.00038333400152623653,0.0,DQN_RND,0.001,0.99,mountaincar,dense
6,884,-200.0,200,6.351738452911377,-1.0,0.00018161053594667464,0.0,DQN_RND,0.001,0.99,mountaincar,dense
6,885,-200.0,200,25.425750732421875,-1.0,0.00018225584062747657,0.0,DQN_RND,0.001,0.99,mountaincar,dense
6,886,-200.0,200,12.356377601623535,-1.0,0.00018160372565034777,0.0,DQN_RND,0.001,0.99,mountaincar,dense
6,887,-200.0,200,41.736488342285156,-1.0,0.0003406254400033504,0.0,DQN_RND,0.001,0.99,mountaincar,dense
6,888,-200.0,200,5.368424415588379,-1.0,0.0001841659686760977,0.0,DQN_RND,0.001,0.99,mountaincar,dense
6,889,-200.0,200,6.433814525604248,-1.0,8.468307350995019e-05,0.0,DQN_RND,0.001,0.99,mountaincar,dense
6,890,-200.0,200,6.175502777099609,-1.0,0.00019306405738461763,0.0,DQN_RND,0.001,0.99,mountaincar,dense
6,891,-200.0,200,10.938019752502441,-1.0,0.00018836365779861808,0.0,DQN_RND,0.001,0.99,mountaincar,dense
6,892,-200.0,200,14.19571304321289,-1.0,8.489279571222141e-05,0.0,DQN_RND,0.001,0.99,mountaincar,dense
6,893,-200.0,200,12.04574203491211,-1.0,0.00017688964726403356,0.0,DQN_RND,0.001,0.99,mountaincar,dense
6,894,-200.0,200,24.36856460571289,-1.0,0.00018248047854285687,0.0,DQN_RND,0.001,0.99,mountaincar,dense
6,895,-200.0,200,12.368010520935059,-1.0,8.079717372311279e-05,0.0,DQN_RND,0.001,0.99,mountaincar,dense
6,896,-200.0,200,35.55392837524414,-1.0,8.807806443655863e-05,0.0,DQN_RND,0.001,0.99,mountaincar,dense
6,897,-200.0,200,5.035891056060791,-1.0,0.00018424642621539533,0.0,DQN_RND,0.001,0.99,mountaincar,dense
6,898,-200.0,200,18.649991989135742,-1.0,9.327239240519702e-05,0.0,DQN_RND,0.001,0.99,mountaincar,dense
6,899,-200.0,200,18.708906173706055,-1.0,0.00018125421775039285,0.0,DQN_RND,0.001,0.99,mountaincar,dense
6,900,-200.0,200,32.698219299316406,-1.0,0.0003943264309782535,0.0,DQN_RND,0.001,0.99,mountaincar,dense
6,901,-200.0,200,20.94401741027832,-1.0,0.00038834387669339776,0.0,DQN_RND,0.001,0.99,mountaincar,dense
6,902,-200.0,200,0.053261805325746536,-1.0,0.00032436332548968494,0.0,DQN_RND,0.001,0.99,mountaincar,dense
6,903,-200.0,200,15.925114631652832,-1.0,0.0003998524625785649,0.0,DQN_RND,0.001,0.99,mountaincar,dense
6,904,-200.0,200,12.422760009765625,-1.0,0.00010372417455073446,0.0,DQN_RND,0.001,0.99,mountaincar,dense
6,905,-200.0,200,10.921314239501953,-1.0,9.500406304141507e-05,0.0,DQN_RND,0.001,0.99,mountaincar,dense
6,906,-200.0,200,15.830497741699219,-1.0,8.645923662697896e-05,0.0,DQN_RND,0.001,0.99,mountaincar,dense
6,907,-200.0,200,11.522027969360352,-1.0,8.258237357949838e-05,0.0,DQN_RND,0.001,0.99,mountaincar,dense
6,908,-200.0,200,4.80363130569458,-1.0,0.00018575642025098205,0.0,DQN_RND,0.001,0.99,mountaincar,dense
6,909,-200.0,200,34.71183395385742,-1.0,8.70403164299205e-05,0.0,DQN_RND,0.001,0.99,mountaincar,dense
6,910,-200.0,200,27.042978286743164,-1.0,0.00038864059024490416,0.0,DQN_RND,0.001,0.99,mountaincar,dense
6,911,-200.0,200,0.1131327822804451,-1.0,0.0001858498144429177,0.0,DQN_RND,0.001,0.99,mountaincar,dense
6,912,-200.0,200,21.752445220947266,-1.0,0.00017963304708246142,0.0,DQN_RND,0.001,0.99,mountaincar,dense
6,913,-200.0,200,21.75997543334961,-1.0,0.0003622079675551504,0.0,DQN_RND,0.001,0.99,mountaincar,dense
6,914,-200.0,200,24.970741271972656,-1.0,0.00032863119849935174,0.0,DQN_RND,0.001,0.99,mountaincar,dense
6,915,-200.0,200,5.898240566253662,-1.0,0.0003280092205386609,0.0,DQN_RND,0.001,0.99,mountaincar,dense
6,916,-200.0,200,18.404661178588867,-1.0,0.0003861667646560818,0.0,DQN_RND,0.001,0.99,mountaincar,dense
6,917,-200.0,200,0.025786500424146652,-1.0,0.0003482754109427333,0.0,DQN_RND,0.001,0.99,mountaincar,dense
6,918,-200.0,200,7.8882646560668945,-1.0,0.0003543072089087218,0.0,DQN_RND,0.001,0.99,mountaincar,dense
6,919,-200.0,200,9.814659118652344,-1.0,0.0003419985296204686,0.0,DQN_RND,0.001,0.99,mountaincar,dense
6,920,-200.0,200,33.95241165161133,-1.0,7.623888814123347e-05,0.0,DQN_RND,0.001,0.99,mountaincar,dense
6,921,-200.0,200,10.52685260772705,-1.0,0.0003381107235327363,0.0,DQN_RND,0.001,0.99,mountaincar,dense
6,922,-200.0,200,20.83456039428711,-1.0,8.289126708405092e-05,0.0,DQN_RND,0.001,0.99,mountaincar,dense
6,923,-200.0,200,5.144838809967041,-1.0,8.582547161495313e-05,0.0,DQN_RND,0.001,0.99,mountaincar,dense
6,924,-200.0,200,10.955950736999512,-1.0,9.315755596617237e-05,0.0,DQN_RND,0.001,0.99,mountaincar,dense
6,925,-200.0,200,17.273967742919922,-1.0,8.637038990855217e-05,0.0,DQN_RND,0.001,0.99,mountaincar,dense
6,926,-200.0,200,15.44647216796875,-1.0,0.0001748759241309017,0.0,DQN_RND,0.001,0.99,mountaincar,dense
6,927,-200.0,200,17.824600219726562,-1.0,7.908525003585964e-05,0.0,DQN_RND,0.001,0.99,mountaincar,dense
6,928,-200.0,200,24.38686752319336,-1.0,0.00017274616402573884,0.0,DQN_RND,0.001,0.99,mountaincar,dense
6,929,-200.0,200,11.937019348144531,-1.0,7.689625635975972e-05,0.0,DQN_RND,0.001,0.99,mountaincar,dense
6,930,-200.0,200,16.019092559814453,-1.0,0.00017639476573094726,0.0,DQN_RND,0.001,0.99,mountaincar,dense
6,931,-200.0,200,10.484991073608398,-1.0,7.880944758653641e-05,0.0,DQN_RND,0.001,0.99,mountaincar,dense
6,932,-200.0,200,21.88870620727539,-1.0,0.00017796870088204741,0.0,DQN_RND,0.001,0.99,mountaincar,dense
6,933,-200.0,200,22.800487518310547,-1.0,7.995645137270913e-05,0.0,DQN_RND,0.001,0.99,mountaincar,dense
6,934,-200.0,200,10.614669799804688,-1.0,0.0001766821078490466,0.0,DQN_RND,0.001,0.99,mountaincar,dense
6,935,-200.0,200,33.995933532714844,-1.0,0.00013716411194764078,0.0,DQN_RND,0.001,0.99,mountaincar,dense
6,936,-200.0,200,16.38092613220215,-1.0,0.00017236554413102567,0.0,DQN_RND,0.001,0.99,mountaincar,dense
6,937,-200.0,200,16.107257843017578,-1.0,0.00017854207544587553,0.0,DQN_RND,0.001,0.99,mountaincar,dense
6,938,-200.0,200,5.434475898742676,-1.0,0.00017781717178877443,0.0,DQN_RND,0.001,0.99,mountaincar,dense
6,939,-200.0,200,21.574928283691406,-1.0,0.00017536240920890123,0.0,DQN_RND,0.001,0.99,mountaincar,dense
6,940,-200.0,200,34.74445343017578,-1.0,0.00017891055904328823,0.0,DQN_RND,0.001,0.99,mountaincar,dense
6,941,-200.0,200,21.508960723876953,-1.0,0.0001717523264233023,0.0,DQN_RND,0.001,0.99,mountaincar,dense
6,942,-200.0,200,38.85020446777344,-1.0,0.0003208017733413726,0.0,DQN_RND,0.001,0.99,mountaincar,dense
6,943,-200.0,200,14.72879695892334,-1.0,7.714738603681326e-05,0.0,DQN_RND,0.001,0.99,mountaincar,dense
6,944,-200.0,200,5.524219512939453,-1.0,8.134734525810927e-05,0.0,DQN_RND,0.001,0.99,mountaincar,dense
6,945,-200.0,200,24.762691497802734,-1.0,7.589400775032118e-05,0.0,DQN_RND,0.001,0.99,mountaincar,dense
6,946,-200.0,200,11.815960884094238,-1.0,0.0003929851809516549,0.0,DQN_RND,0.001,0.99,mountaincar,dense
6,947,-200.0,200,16.388591766357422,-1.0,0.00033581300522200763,0.0,DQN_RND,0.001,0.99,mountaincar,dense
6,948,-200.0,200,4.8101420402526855,-1.0,0.00032144010765478015,0.0,DQN_RND,0.001,0.99,mountaincar,dense
6,949,-200.0,200,5.496384143829346,-1.0,0.00035311715328134596,0.0,DQN_RND,0.001,0.99,mountaincar,dense
6,950,-200.0,200,26.653451919555664,-1.0,0.00018020828429143876,0.0,DQN_RND,0.001,0.99,mountaincar,dense
6,951,-200.0,200,5.938734531402588,-1.0,0.0001742733729770407,0.0,DQN_RND,0.001,0.99,mountaincar,dense
6,952,-200.0,200,14.256604194641113,-1.0,0.00038573562051169574,0.0,DQN_RND,0.001,0.99,mountaincar,dense
6,953,-200.0,200,7.175326347351074,-1.0,8.397269994020462e-05,0.0,DQN_RND,0.001,0.99,mountaincar,dense
6,954,-200.0,200,0.05490143597126007,-1.0,0.0003563895297702402,0.0,DQN_RND,0.001,0.99,mountaincar,dense
6,955,-200.0,200,5.563255786895752,-1.0,0.00033143459586426616,0.0,DQN_RND,0.001,0.99,mountaincar,dense
6,956,-200.0,200,15.577327728271484,-1.0,0.00017544608272146434,0.0,DQN_RND,0.001,0.99,mountaincar,dense
6,957,-200.0,200,11.172744750976562,-1.0,7.739391003269702e-05,0.0,DQN_RND,0.001,0.99,mountaincar,dense
6,958,-200.0,200,13.249799728393555,-1.0,0.0001911928120534867,0.0,DQN_RND,0.001,0.99,mountaincar,dense
6,959,-200.0,200,15.13650131225586,-1.0,0.00034356449032202363,0.0,DQN_RND,0.001,0.99,mountaincar,dense
6,960,-200.0,200,29.453245162963867,-1.0,7.012492278590798e-05,0.0,DQN_RND,0.001,0.99,mountaincar,dense
6,961,-200.0,200,33.487247467041016,-1.0,0.0003359651018399745,0.0,DQN_RND,0.001,0.99,mountaincar,dense
6,962,-200.0,200,5.592667579650879,-1.0,0.0003907435166183859,0.0,DQN_RND,0.001,0.99,mountaincar,dense
6,963,-200.0,200,16.797191619873047,-1.0,0.000176837042090483,0.0,DQN_RND,0.001,0.99,mountaincar,dense
6,964,-200.0,200,5.416158199310303,-1.0,0.00017013012256938964,0.0,DQN_RND,0.001,0.99,mountaincar,dense
6,965,-200.0,200,15.179856300354004,-1.0,0.00016868380771484226,0.0,DQN_RND,0.001,0.99,mountaincar,dense
6,966,-200.0,200,19.40162467956543,-1.0,0.0001858403702499345,0.0,DQN_RND,0.001,0.99,mountaincar,dense
6,967,-200.0,200,15.997920989990234,-1.0,0.00017017948266584426,0.0,DQN_RND,0.001,0.99,mountaincar,dense
6,968,-200.0,200,8.855566024780273,-1.0,0.0001781055616447702,0.0,DQN_RND,0.001,0.99,mountaincar,dense
6,969,-200.0,200,20.130456924438477,-1.0,8.986661850940436e-05,0.0,DQN_RND,0.001,0.99,mountaincar,dense
6,970,-200.0,200,10.988157272338867,-1.0,0.00032841513166204095,0.0,DQN_RND,0.001,0.99,mountaincar,dense
6,971,-200.0,200,6.551732063293457,-1.0,0.00017480553651694208,0.0,DQN_RND,0.001,0.99,mountaincar,dense
6,972,-200.0,200,11.097576141357422,-1.0,0.00032936022034846246,0.0,DQN_RND,0.001,0.99,mountaincar,dense
6,973,-200.0,200,15.052780151367188,-1.0,0.00018241220095660537,0.0,DQN_RND,0.001,0.99,mountaincar,dense
6,974,-200.0,200,5.114655494689941,-1.0,0.0003794957883656025,0.0,DQN_RND,0.001,0.99,mountaincar,dense
6,975,-200.0,200,5.418491363525391,-1.0,7.476843893527985e-05,0.0,DQN_RND,0.001,0.99,mountaincar,dense
6,976,-200.0,200,26.065494537353516,-1.0,0.00016808438522275537,0.0,DQN_RND,0.001,0.99,mountaincar,dense
6,977,-200.0,200,0.21810099482536316,-1.0,0.00033331834129057825,0.0,DQN_RND,0.001,0.99,mountaincar,dense
6,978,-200.0,200,6.069769382476807,-1.0,0.00032691177329979837,0.0,DQN_RND,0.001,0.99,mountaincar,dense
6,979,-200.0,200,10.954734802246094,-1.0,0.0003723258851096034,0.0,DQN_RND,0.001,0.99,mountaincar,dense
6,980,-200.0,200,7.1383376121521,-1.0,0.00017585926980245858,0.0,DQN_RND,0.001,0.99,mountaincar,dense
6,981,-200.0,200,16.210582733154297,-1.0,0.00033551239175722003,0.0,DQN_RND,0.001,0.99,mountaincar,dense
6,982,-200.0,200,5.489157199859619,-1.0,0.0001724650792311877,0.0,DQN_RND,0.001,0.99,mountaincar,dense
6,983,-200.0,200,29.76569366455078,-1.0,0.00017859629588201642,0.0,DQN_RND,0.001,0.99,mountaincar,dense
6,984,-200.0,200,15.22836685180664,-1.0,6.972123082960024e-05,0.0,DQN_RND,0.001,0.99,mountaincar,dense
6,985,-200.0,200,15.463420867919922,-1.0,7.026383536867797e-05,0.0,DQN_RND,0.001,0.99,mountaincar,dense
6,986,-200.0,200,11.424062728881836,-1.0,0.00023744130157865584,0.0,DQN_RND,0.001,0.99,mountaincar,dense
6,987,-200.0,200,11.237569808959961,-1.0,0.00038651630165986717,0.0,DQN_RND,0.001,0.99,mountaincar,dense
6,988,-200.0,200,10.691329956054688,-1.0,0.0003633648157119751,0.0,DQN_RND,0.001,0.99,mountaincar,dense
6,989,-200.0,200,6.0284624099731445,-1.0,0.00017391092842444777,0.0,DQN_RND,0.001,0.99,mountaincar,dense
6,990,-200.0,200,0.024079032242298126,-1.0,0.0003755003272090107,0.0,DQN_RND,0.001,0.99,mountaincar,dense
6,991,-200.0,200,8.547880172729492,-1.0,0.0003505845961626619,0.0,DQN_RND,0.001,0.99,mountaincar,dense
6,992,-200.0,200,22.384729385375977,-1.0,6.456440314650536e-05,0.0,DQN_RND,0.001,0.99,mountaincar,dense
6,993,-200.0,200,6.884296417236328,-1.0,0.0002625305496621877,0.0,DQN_RND,0.001,0.99,mountaincar,dense
6,994,-200.0,200,28.184602737426758,-1.0,0.00037593566230498254,0.0,DQN_RND,0.001,0.99,mountaincar,dense
6,995,-200.0,200,32.41946029663086,-1.0,0.00027024882729165256,0.0,DQN_RND,0.001,0.99,mountaincar,dense
6,996,-200.0,200,16.58475112915039,-1.0,0.00016608854639343917,0.0,DQN_RND,0.001,0.99,mountaincar,dense
6,997,-200.0,200,17.36680793762207,-1.0,0.00036695710150524974,0.0,DQN_RND,0.001,0.99,mountaincar,dense
6,998,-200.0,200,14.859381675720215,-1.0,0.00035998880048282444,0.0,DQN_RND,0.001,0.99,mountaincar,dense
6,999,-200.0,200,6.070179462432861,-1.0,0.0003926569770555943,0.0,DQN_RND,0.001,0.99,mountaincar,dense
6,1000,-200.0,200,9.530601501464844,-1.0,0.00034568479168228805,0.0,DQN_RND,0.001,0.99,mountaincar,dense
